Sample	total_passed	total_failed	secondary_passed	secondary_failed	supplementary_passed	supplementary_failed	duplicates_passed	duplicates_failed	mapped_passed	mapped_failed	mapped_passed_pct	mapped_failed_pct	paired in sequencing_passed	paired in sequencing_failed	read1_passed	read1_failed	read2_passed	read2_failed	properly paired_passed	properly paired_failed	properly paired_passed_pct	properly paired_failed_pct	with itself and mate mapped_passed	with itself and mate mapped_failed	singletons_passed	singletons_failed	singletons_passed_pct	singletons_failed_pct	with mate mapped to a different chr_passed	with mate mapped to a different chr_failed	with mate mapped to a different chr (mapQ >= 5)_passed	with mate mapped to a different chr (mapQ >= 5)_failed	flagstat_total
GRCg7b | M300800.lib1	239174	0	0	0	0	0	0	0	2608	0	1.09	nan	239174	0	119587	0	119587	0	2472	0	1.03	nan	2546	0	62	0	0.03	nan	2	0	2	0	239174
GRCg7b | M300801.lib1	16503562	0	0	0	0	0	0	0	1825	0	0.01	nan	16503562	0	8251781	0	8251781	0	418	0	0.0	nan	420	0	1405	0	0.01	nan	0	0	0	0	16503562
GRCg7b | M300803.lib1	15023870	0	0	0	0	0	0	0	941	0	0.01	nan	15023870	0	7511935	0	7511935	0	390	0	0.0	nan	394	0	547	0	0.0	nan	0	0	0	0	15023870
GRCg7b | M300804.lib1	2564416	0	0	0	0	0	0	0	177	0	0.01	nan	2564416	0	1282208	0	1282208	0	8	0	0.0	nan	8	0	169	0	0.01	nan	0	0	0	0	2564416
GRCg7b | M300805.lib1	405670	0	0	0	0	0	0	0	504	0	0.12	nan	405670	0	202835	0	202835	0	410	0	0.1	nan	442	0	62	0	0.02	nan	0	0	0	0	405670
GRCg7b | M300806.lib1	14736046	0	0	0	0	0	0	0	5733	0	0.04	nan	14736046	0	7368023	0	7368023	0	4820	0	0.03	nan	4948	0	785	0	0.01	nan	2	0	1	0	14736046
GRCg7b | M300807.lib1	12856222	0	0	0	0	0	0	0	6286	0	0.05	nan	12856222	0	6428111	0	6428111	0	5374	0	0.04	nan	5490	0	796	0	0.01	nan	20	0	8	0	12856222
GRCg7b | M300808.lib1	8676452	0	0	0	0	0	0	0	313535	0	3.61	nan	8676452	0	4338226	0	4338226	0	288482	0	3.32	nan	310416	0	3119	0	0.04	nan	412	0	149	0	8676452
GRCg7b | M300809.lib1	20984064	0	0	0	0	0	0	0	97407	0	0.46	nan	20984064	0	10492032	0	10492032	0	90702	0	0.43	nan	94300	0	3107	0	0.01	nan	118	0	29	0	20984064
GRCg7b | M300810.lib1	12453738	0	0	0	0	0	0	0	2275	0	0.02	nan	12453738	0	6226869	0	6226869	0	1284	0	0.01	nan	1380	0	895	0	0.01	nan	2	0	1	0	12453738
GRCg7b | M300811.lib1	16403838	0	0	0	0	0	0	0	2946	0	0.02	nan	16403838	0	8201919	0	8201919	0	2352	0	0.01	nan	2402	0	544	0	0.0	nan	0	0	0	0	16403838
GRCg7b | M300812.lib1	3300	0	0	0	0	0	0	0	11	0	0.33	nan	3300	0	1650	0	1650	0	10	0	0.3	nan	10	0	1	0	0.03	nan	0	0	0	0	3300
GRCg7b | M300813.lib1	616022	0	0	0	0	0	0	0	284	0	0.05	nan	616022	0	308011	0	308011	0	226	0	0.04	nan	226	0	58	0	0.01	nan	0	0	0	0	616022
GRCg7b | M300814.lib1	14619186	0	0	0	0	0	0	0	671	0	0.0	nan	14619186	0	7309593	0	7309593	0	114	0	0.0	nan	118	0	553	0	0.0	nan	0	0	0	0	14619186
GRCg7b | M300815.lib1	12297064	0	0	0	0	0	0	0	3399	0	0.03	nan	12297064	0	6148532	0	6148532	0	2504	0	0.02	nan	2592	0	807	0	0.01	nan	0	0	0	0	12297064
GRCg7b | M300816.lib1	18997786	0	0	0	0	0	0	0	776299	0	4.09	nan	18997786	0	9498893	0	9498893	0	730332	0	3.84	nan	766606	0	9693	0	0.05	nan	1206	0	465	0	18997786
GRCg7b | M300817.lib1	1031374	0	0	0	0	0	0	0	1143	0	0.11	nan	1031374	0	515687	0	515687	0	996	0	0.1	nan	1052	0	91	0	0.01	nan	12	0	2	0	1031374
GRCg7b | M300818.lib1	18235964	0	0	0	0	0	0	0	1555	0	0.01	nan	18235964	0	9117982	0	9117982	0	66	0	0.0	nan	66	0	1489	0	0.01	nan	0	0	0	0	18235964
GRCg7b | M300819.lib1	11807886	0	0	0	0	0	0	0	765	0	0.01	nan	11807886	0	5903943	0	5903943	0	152	0	0.0	nan	152	0	613	0	0.01	nan	0	0	0	0	11807886
GRCg7b | M300820.lib1	11937282	0	0	0	0	0	0	0	386	0	0.0	nan	11937282	0	5968641	0	5968641	0	62	0	0.0	nan	62	0	324	0	0.0	nan	0	0	0	0	11937282
GRCg7b | M300821.lib1	14528090	0	0	0	0	0	0	0	5550	0	0.04	nan	14528090	0	7264045	0	7264045	0	4408	0	0.03	nan	4472	0	1078	0	0.01	nan	2	0	0	0	14528090
GRCg7b | M300822.lib1	14582010	0	0	0	0	0	0	0	653	0	0.0	nan	14582010	0	7291005	0	7291005	0	174	0	0.0	nan	176	0	477	0	0.0	nan	0	0	0	0	14582010
GRCg7b | M300823.lib1	2483630	0	0	0	0	0	0	0	291275	0	11.73	nan	2483630	0	1241815	0	1241815	0	266956	0	10.75	nan	284472	0	6803	0	0.27	nan	710	0	247	0	2483630
GRCg7b | M300824.lib1	11150872	0	0	0	0	0	0	0	75188	0	0.67	nan	11150872	0	5575436	0	5575436	0	68940	0	0.62	nan	73804	0	1384	0	0.01	nan	112	0	32	0	11150872
GRCg7b | M300825.lib1	10644050	0	0	0	0	0	0	0	445	0	0.0	nan	10644050	0	5322025	0	5322025	0	138	0	0.0	nan	138	0	307	0	0.0	nan	0	0	0	0	10644050
GRCg7b | M300826.lib1	138154	0	0	0	0	0	0	0	372	0	0.27	nan	138154	0	69077	0	69077	0	354	0	0.26	nan	356	0	16	0	0.01	nan	0	0	0	0	138154
GRCg7b | M300827.lib1	4962896	0	0	0	0	0	0	0	1156	0	0.02	nan	4962896	0	2481448	0	2481448	0	934	0	0.02	nan	954	0	202	0	0.0	nan	0	0	0	0	4962896
GRCg7b | M300828.lib1	9479438	0	0	0	0	0	0	0	1019	0	0.01	nan	9479438	0	4739719	0	4739719	0	114	0	0.0	nan	114	0	905	0	0.01	nan	0	0	0	0	9479438
GRCg7b | M300829.lib1	11453714	0	0	0	0	0	0	0	5231	0	0.05	nan	11453714	0	5726857	0	5726857	0	4470	0	0.04	nan	4596	0	635	0	0.01	nan	8	0	4	0	11453714
GRCg7b | M300830.lib1	420370	0	0	0	0	0	0	0	39868	0	9.48	nan	420370	0	210185	0	210185	0	38028	0	9.05	nan	39460	0	408	0	0.1	nan	14	0	1	0	420370
GRCg7b | M300831.lib1	14495770	0	0	0	0	0	0	0	705	0	0.0	nan	14495770	0	7247885	0	7247885	0	220	0	0.0	nan	240	0	465	0	0.0	nan	0	0	0	0	14495770
GRCg7b | M300832.lib1	662142	0	0	0	0	0	0	0	434986	0	65.69	nan	662142	0	331071	0	331071	0	379232	0	57.27	nan	430774	0	4212	0	0.64	nan	1156	0	402	0	662142
GRCg7b | M300833.lib1	8889610	0	0	0	0	0	0	0	1129383	0	12.7	nan	8889610	0	4444805	0	4444805	0	1046706	0	11.77	nan	1116930	0	12453	0	0.14	nan	1690	0	568	0	8889610
GRCg7b | M300834.lib1	11681908	0	0	0	0	0	0	0	7984	0	0.07	nan	11681908	0	5840954	0	5840954	0	7150	0	0.06	nan	7280	0	704	0	0.01	nan	14	0	1	0	11681908
GRCg7b | M300835.lib1	12313220	0	0	0	0	0	0	0	85693	0	0.7	nan	12313220	0	6156610	0	6156610	0	79940	0	0.65	nan	83696	0	1997	0	0.02	nan	80	0	26	0	12313220
GRCg7b | M300836.lib1	17673528	0	0	0	0	0	0	0	7834	0	0.04	nan	17673528	0	8836764	0	8836764	0	7130	0	0.04	nan	7236	0	598	0	0.0	nan	14	0	1	0	17673528
GRCg7b | M300837.lib1	9333560	0	0	0	0	0	0	0	28041	0	0.3	nan	9333560	0	4666780	0	4666780	0	25762	0	0.28	nan	27482	0	559	0	0.01	nan	30	0	9	0	9333560
GRCg7b | M300838.lib1	278	0	0	0	0	0	0	0	0	0	0.0	nan	278	0	139	0	139	0	0	0	0.0	nan	0	0	0	0	0.0	nan	0	0	0	0	278
GRCg7b | M300839.lib1	12058230	0	0	0	0	0	0	0	3647880	0	30.25	nan	12058230	0	6029115	0	6029115	0	3400898	0	28.2	nan	3615792	0	32088	0	0.27	nan	5454	0	1935	0	12058230
GRCg7b | M300840.lib1	9236798	0	0	0	0	0	0	0	166078	0	1.8	nan	9236798	0	4618399	0	4618399	0	160232	0	1.73	nan	163330	0	2748	0	0.03	nan	168	0	47	0	9236798
GRCg7b | M300841.lib1	454350	0	0	0	0	0	0	0	20290	0	4.47	nan	454350	0	227175	0	227175	0	19406	0	4.27	nan	20212	0	78	0	0.02	nan	26	0	14	0	454350
GRCg7b | M300886.lib1	10147162	0	0	0	0	0	0	0	19396	0	0.19	nan	10147162	0	5073581	0	5073581	0	17834	0	0.18	nan	18484	0	912	0	0.01	nan	20	0	5	0	10147162
GRCg7b | M301037.lib1	8937358	0	0	0	0	0	0	0	3375	0	0.04	nan	8937358	0	4468679	0	4468679	0	2454	0	0.03	nan	2550	0	825	0	0.01	nan	16	0	1	0	8937358
GRCg7b | M301038.lib1	30061112	0	0	0	0	0	0	0	2774	0	0.01	nan	30061112	0	15030556	0	15030556	0	480	0	0.0	nan	488	0	2286	0	0.01	nan	0	0	0	0	30061112
GRCg7b | M301039.lib1	13621070	0	0	0	0	0	0	0	1758	0	0.01	nan	13621070	0	6810535	0	6810535	0	1038	0	0.01	nan	1042	0	716	0	0.01	nan	0	0	0	0	13621070
GRCg7b | M301040.lib1	518112	0	0	0	0	0	0	0	4389	0	0.85	nan	518112	0	259056	0	259056	0	4196	0	0.81	nan	4332	0	57	0	0.01	nan	0	0	0	0	518112
GRCg7b | M301041.lib1	18286668	0	0	0	0	0	0	0	8430	0	0.05	nan	18286668	0	9143334	0	9143334	0	7876	0	0.04	nan	7908	0	522	0	0.0	nan	2	0	0	0	18286668
GRCg7b | M301042.lib1	17647186	0	0	0	0	0	0	0	236874	0	1.34	nan	17647186	0	8823593	0	8823593	0	221594	0	1.26	nan	234342	0	2532	0	0.01	nan	226	0	95	0	17647186
GRCg7b | M301043.lib1	427962	0	0	0	0	0	0	0	7372	0	1.72	nan	427962	0	213981	0	213981	0	6822	0	1.59	nan	7152	0	220	0	0.05	nan	2	0	0	0	427962
GRCg7b | M301044.lib1	11211938	0	0	0	0	0	0	0	15732	0	0.14	nan	11211938	0	5605969	0	5605969	0	13312	0	0.12	nan	14232	0	1500	0	0.01	nan	18	0	5	0	11211938
GRCg7b | M301045.lib1	16155024	0	0	0	0	0	0	0	57729	0	0.36	nan	16155024	0	8077512	0	8077512	0	53080	0	0.33	nan	56322	0	1407	0	0.01	nan	76	0	29	0	16155024
GRCg7b | M301046.lib1	16889054	0	0	0	0	0	0	0	11238	0	0.07	nan	16889054	0	8444527	0	8444527	0	9470	0	0.06	nan	9834	0	1404	0	0.01	nan	2	0	2	0	16889054
GRCg7b | M301047.lib1	1332184	0	0	0	0	0	0	0	25649	0	1.93	nan	1332184	0	666092	0	666092	0	24436	0	1.83	nan	25250	0	399	0	0.03	nan	2	0	1	0	1332184
GRCg7b | M301048.lib1	8382498	0	0	0	0	0	0	0	11058	0	0.13	nan	8382498	0	4191249	0	4191249	0	9562	0	0.11	nan	10056	0	1002	0	0.01	nan	24	0	11	0	8382498
GRCg7b | M301049.lib1	13554506	0	0	0	0	0	0	0	42831	0	0.32	nan	13554506	0	6777253	0	6777253	0	37074	0	0.27	nan	39656	0	3175	0	0.02	nan	78	0	22	0	13554506
GRCg7b | M301050.lib1	14402572	0	0	0	0	0	0	0	2511	0	0.02	nan	14402572	0	7201286	0	7201286	0	1480	0	0.01	nan	1554	0	957	0	0.01	nan	0	0	0	0	14402572
GRCg7b | M301051.lib1	13446418	0	0	0	0	0	0	0	302207	0	2.25	nan	13446418	0	6723209	0	6723209	0	278750	0	2.07	nan	298118	0	4089	0	0.03	nan	414	0	120	0	13446418
GRCg7b | M301052.lib1	12186816	0	0	0	0	0	0	0	1646	0	0.01	nan	12186816	0	6093408	0	6093408	0	426	0	0.0	nan	430	0	1216	0	0.01	nan	0	0	0	0	12186816
GRCg7b | M301053.lib1	162676	0	0	0	0	0	0	0	97	0	0.06	nan	162676	0	81338	0	81338	0	80	0	0.05	nan	80	0	17	0	0.01	nan	0	0	0	0	162676
GRCg7b | M301054.lib1	12979256	0	0	0	0	0	0	0	5782	0	0.04	nan	12979256	0	6489628	0	6489628	0	4070	0	0.03	nan	4160	0	1622	0	0.01	nan	4	0	2	0	12979256
GRCg7b | M301055.lib1	293116	0	0	0	0	0	0	0	5348	0	1.82	nan	293116	0	146558	0	146558	0	16	0	0.01	nan	16	0	5332	0	1.82	nan	0	0	0	0	293116
GRCg7b | M301056.lib1	346872	0	0	0	0	0	0	0	863	0	0.25	nan	346872	0	173436	0	173436	0	774	0	0.22	nan	794	0	69	0	0.02	nan	0	0	0	0	346872
GRCg7b | M301057.lib1	13704360	0	0	0	0	0	0	0	3237	0	0.02	nan	13704360	0	6852180	0	6852180	0	1806	0	0.01	nan	1882	0	1355	0	0.01	nan	0	0	0	0	13704360
GRCg7b | M301058.lib1	16704184	0	0	0	0	0	0	0	180117	0	1.08	nan	16704184	0	8352092	0	8352092	0	169158	0	1.01	nan	177982	0	2135	0	0.01	nan	228	0	114	0	16704184
GRCg7b | M301059.lib1	12535404	0	0	0	0	0	0	0	138237	0	1.1	nan	12535404	0	6267702	0	6267702	0	126852	0	1.01	nan	136196	0	2041	0	0.02	nan	178	0	54	0	12535404
GRCg7b | M301060.lib1	12367548	0	0	0	0	0	0	0	2323	0	0.02	nan	12367548	0	6183774	0	6183774	0	1468	0	0.01	nan	1510	0	813	0	0.01	nan	2	0	0	0	12367548
GRCg7b | M301061.lib1	4470	0	0	0	0	0	0	0	1	0	0.02	nan	4470	0	2235	0	2235	0	0	0	0.0	nan	0	0	1	0	0.02	nan	0	0	0	0	4470
GRCg7b | M301062.lib1	697994	0	0	0	0	0	0	0	668	0	0.1	nan	697994	0	348997	0	348997	0	568	0	0.08	nan	604	0	64	0	0.01	nan	0	0	0	0	697994
GRCg7b | M301063.lib1	18434450	0	0	0	0	0	0	0	7619	0	0.04	nan	18434450	0	9217225	0	9217225	0	6816	0	0.04	nan	6994	0	625	0	0.0	nan	8	0	3	0	18434450
GRCg7b | M301064.lib1	6266194	0	0	0	0	0	0	0	3833	0	0.06	nan	6266194	0	3133097	0	3133097	0	3046	0	0.05	nan	3236	0	597	0	0.01	nan	0	0	0	0	6266194
GRCg7b | M301065.lib1	15069972	0	0	0	0	0	0	0	19050	0	0.13	nan	15069972	0	7534986	0	7534986	0	17652	0	0.12	nan	17760	0	1290	0	0.01	nan	32	0	28	0	15069972
GRCg7b | M301066.lib1	8204026	0	0	0	0	0	0	0	2995	0	0.04	nan	8204026	0	4102013	0	4102013	0	2342	0	0.03	nan	2364	0	631	0	0.01	nan	2	0	0	0	8204026
GRCg7b | M301067.lib1	189076	0	0	0	0	0	0	0	222	0	0.12	nan	189076	0	94538	0	94538	0	200	0	0.11	nan	202	0	20	0	0.01	nan	0	0	0	0	189076
GRCg7b | M301068.lib1	13952642	0	0	0	0	0	0	0	58483	0	0.42	nan	13952642	0	6976321	0	6976321	0	55608	0	0.4	nan	56630	0	1853	0	0.01	nan	78	0	53	0	13952642
GRCg7b | M301069.lib1	12959518	0	0	0	0	0	0	0	1631	0	0.01	nan	12959518	0	6479759	0	6479759	0	580	0	0.0	nan	600	0	1031	0	0.01	nan	2	0	0	0	12959518
GRCg7b | M301070.lib1	13121398	0	0	0	0	0	0	0	2926	0	0.02	nan	13121398	0	6560699	0	6560699	0	1610	0	0.01	nan	1652	0	1274	0	0.01	nan	0	0	0	0	13121398
GRCg7b | M301071.lib1	294116	0	0	0	0	0	0	0	70	0	0.02	nan	294116	0	147058	0	147058	0	44	0	0.01	nan	44	0	26	0	0.01	nan	0	0	0	0	294116
GRCg7b | M301072.lib1	9281690	0	0	0	0	0	0	0	910	0	0.01	nan	9281690	0	4640845	0	4640845	0	672	0	0.01	nan	674	0	236	0	0.0	nan	0	0	0	0	9281690
GRCg7b | M301073.lib1	13609910	0	0	0	0	0	0	0	5740	0	0.04	nan	13609910	0	6804955	0	6804955	0	4356	0	0.03	nan	4446	0	1294	0	0.01	nan	0	0	0	0	13609910
GRCg7b | M301074.lib1	46410	0	0	0	0	0	0	0	1998	0	4.31	nan	46410	0	23205	0	23205	0	1940	0	4.18	nan	1972	0	26	0	0.06	nan	0	0	0	0	46410
GRCg7b | M301075.lib1	12979412	0	0	0	0	0	0	0	2622	0	0.02	nan	12979412	0	6489706	0	6489706	0	1284	0	0.01	nan	1294	0	1328	0	0.01	nan	0	0	0	0	12979412
GRCg7b | M301076.lib1	9445226	0	0	0	0	0	0	0	6464	0	0.07	nan	9445226	0	4722613	0	4722613	0	5590	0	0.06	nan	5616	0	848	0	0.01	nan	4	0	2	0	9445226
GRCg7b | M301077.lib1	11407850	0	0	0	0	0	0	0	5299	0	0.05	nan	11407850	0	5703925	0	5703925	0	4098	0	0.04	nan	4332	0	967	0	0.01	nan	10	0	5	0	11407850
GRCg7b | M301078.lib1	129894	0	0	0	0	0	0	0	718	0	0.55	nan	129894	0	64947	0	64947	0	670	0	0.52	nan	694	0	24	0	0.02	nan	0	0	0	0	129894
GRCg7b | M301079.lib1	12306170	0	0	0	0	0	0	0	6922	0	0.06	nan	12306170	0	6153085	0	6153085	0	5490	0	0.04	nan	5820	0	1102	0	0.01	nan	2	0	1	0	12306170
GRCg7b | M301080.lib1	14916076	0	0	0	0	0	0	0	159370	0	1.07	nan	14916076	0	7458038	0	7458038	0	146568	0	0.98	nan	156920	0	2450	0	0.02	nan	198	0	86	0	14916076
GRCg7b | M301081.lib1	17837654	0	0	0	0	0	0	0	2543	0	0.01	nan	17837654	0	8918827	0	8918827	0	1312	0	0.01	nan	1320	0	1223	0	0.01	nan	2	0	2	0	17837654
GRCg7b | M301082.lib1	12213804	0	0	0	0	0	0	0	1687	0	0.01	nan	12213804	0	6106902	0	6106902	0	1120	0	0.01	nan	1120	0	567	0	0.0	nan	0	0	0	0	12213804
GRCg7b | M301083.lib1	41018	0	0	0	0	0	0	0	26	0	0.06	nan	41018	0	20509	0	20509	0	20	0	0.05	nan	20	0	6	0	0.01	nan	0	0	0	0	41018
GRCg7b | M301084.lib1	12130166	0	0	0	0	0	0	0	3311	0	0.03	nan	12130166	0	6065083	0	6065083	0	1852	0	0.02	nan	1960	0	1351	0	0.01	nan	0	0	0	0	12130166
GRCg7b | M301085.lib1	16921466	0	0	0	0	0	0	0	3724	0	0.02	nan	16921466	0	8460733	0	8460733	0	2612	0	0.02	nan	2684	0	1040	0	0.01	nan	2	0	1	0	16921466
GRCg7b | M301086.lib1	1866810	0	0	0	0	0	0	0	1100	0	0.06	nan	1866810	0	933405	0	933405	0	922	0	0.05	nan	930	0	170	0	0.01	nan	0	0	0	0	1866810
GRCg7b | M301087.lib1	14322394	0	0	0	0	0	0	0	2942	0	0.02	nan	14322394	0	7161197	0	7161197	0	1936	0	0.01	nan	1990	0	952	0	0.01	nan	2	0	0	0	14322394
GRCg7b | M301089.lib1	14628422	0	0	0	0	0	0	0	23721	0	0.16	nan	14628422	0	7314211	0	7314211	0	20080	0	0.14	nan	21716	0	2005	0	0.01	nan	44	0	24	0	14628422
GRCg7b | M301090.lib1	2297806	0	0	0	0	0	0	0	2224	0	0.1	nan	2297806	0	1148903	0	1148903	0	1654	0	0.07	nan	1788	0	436	0	0.02	nan	10	0	0	0	2297806
GRCg7b | M301091.lib1	978892	0	0	0	0	0	0	0	582	0	0.06	nan	978892	0	489446	0	489446	0	386	0	0.04	nan	398	0	184	0	0.02	nan	0	0	0	0	978892
GRCg7b | M301092.lib1	23486612	0	0	0	0	0	0	0	3975	0	0.02	nan	23486612	0	11743306	0	11743306	0	2310	0	0.01	nan	2388	0	1587	0	0.01	nan	0	0	0	0	23486612
GRCg7b | M301093.lib1	21979250	0	0	0	0	0	0	0	3521	0	0.02	nan	21979250	0	10989625	0	10989625	0	1850	0	0.01	nan	1896	0	1625	0	0.01	nan	6	0	2	0	21979250
GRCg7b | M301094.lib1	23093584	0	0	0	0	0	0	0	3576	0	0.02	nan	23093584	0	11546792	0	11546792	0	2138	0	0.01	nan	2208	0	1368	0	0.01	nan	0	0	0	0	23093584
GRCg7b | M301095.lib1	17851510	0	0	0	0	0	0	0	3489	0	0.02	nan	17851510	0	8925755	0	8925755	0	1688	0	0.01	nan	1776	0	1713	0	0.01	nan	0	0	0	0	17851510
GRCg7b | M301096.lib1	89806	0	0	0	0	0	0	0	3663	0	4.08	nan	89806	0	44903	0	44903	0	3510	0	3.91	nan	3622	0	41	0	0.05	nan	4	0	0	0	89806
GRCg7b | M301097.lib1	17724766	0	0	0	0	0	0	0	7505	0	0.04	nan	17724766	0	8862383	0	8862383	0	5728	0	0.03	nan	5872	0	1633	0	0.01	nan	2	0	1	0	17724766
GRCg7b | M301098.lib1	2497030	0	0	0	0	0	0	0	2679	0	0.11	nan	2497030	0	1248515	0	1248515	0	2328	0	0.09	nan	2416	0	263	0	0.01	nan	0	0	0	0	2497030
GRCg7b | M301099.lib1	24957358	0	0	0	0	0	0	0	6318	0	0.03	nan	24957358	0	12478679	0	12478679	0	3260	0	0.01	nan	3388	0	2930	0	0.01	nan	8	0	2	0	24957358
GRCg7b | M301100.lib1	1100638	0	0	0	0	0	0	0	2621	0	0.24	nan	1100638	0	550319	0	550319	0	2316	0	0.21	nan	2434	0	187	0	0.02	nan	4	0	3	0	1100638
GRCg7b | M301101.lib1	9058712	0	0	0	0	0	0	0	1904	0	0.02	nan	9058712	0	4529356	0	4529356	0	894	0	0.01	nan	916	0	988	0	0.01	nan	0	0	0	0	9058712
GRCg7b | M301102.lib1	30972914	0	0	0	0	0	0	0	4660	0	0.02	nan	30972914	0	15486457	0	15486457	0	2390	0	0.01	nan	2454	0	2206	0	0.01	nan	6	0	2	0	30972914
GRCg7b | M301103.lib1	29712576	0	0	0	0	0	0	0	16804	0	0.06	nan	29712576	0	14856288	0	14856288	0	13634	0	0.05	nan	13906	0	2898	0	0.01	nan	4	0	1	0	29712576
GRCg7b | M301104.lib1	25206114	0	0	0	0	0	0	0	6557	0	0.03	nan	25206114	0	12603057	0	12603057	0	4620	0	0.02	nan	4710	0	1847	0	0.01	nan	0	0	0	0	25206114
GRCg7b | M301105.lib1	1415650	0	0	0	0	0	0	0	3038	0	0.21	nan	1415650	0	707825	0	707825	0	2740	0	0.19	nan	2828	0	210	0	0.01	nan	0	0	0	0	1415650
GRCg7b | M301106.lib1	191098	0	0	0	0	0	0	0	28893	0	15.12	nan	191098	0	95549	0	95549	0	25182	0	13.18	nan	27136	0	1757	0	0.92	nan	54	0	26	0	191098
GRCg7b | M301107.lib1	23171118	0	0	0	0	0	0	0	176999	0	0.76	nan	23171118	0	11585559	0	11585559	0	163992	0	0.71	nan	173072	0	3927	0	0.02	nan	308	0	88	0	23171118
GRCg7b | M301108.lib1	3148	0	0	0	0	0	0	0	13	0	0.41	nan	3148	0	1574	0	1574	0	12	0	0.38	nan	12	0	1	0	0.03	nan	0	0	0	0	3148
GRCg7b | M301109.lib1	20652320	0	0	0	0	0	0	0	13975	0	0.07	nan	20652320	0	10326160	0	10326160	0	11892	0	0.06	nan	12134	0	1841	0	0.01	nan	12	0	6	0	20652320
GRCg7b | M301110.lib1	18224910	0	0	0	0	0	0	0	61931	0	0.34	nan	18224910	0	9112455	0	9112455	0	58190	0	0.32	nan	59616	0	2315	0	0.01	nan	76	0	26	0	18224910
GRCg7b | M301111.lib1	24170236	0	0	0	0	0	0	0	8499	0	0.04	nan	24170236	0	12085118	0	12085118	0	5820	0	0.02	nan	6090	0	2409	0	0.01	nan	4	0	3	0	24170236
GRCg7b | M301112.lib1	17501286	0	0	0	0	0	0	0	38054	0	0.22	nan	17501286	0	8750643	0	8750643	0	33114	0	0.19	nan	35484	0	2570	0	0.01	nan	86	0	25	0	17501286
GRCg7b | M301113.lib1	9862716	0	0	0	0	0	0	0	2096	0	0.02	nan	9862716	0	4931358	0	4931358	0	108	0	0.0	nan	114	0	1982	0	0.02	nan	0	0	0	0	9862716
GRCg7b | M301114.lib1	1829492	0	0	0	0	0	0	0	114291	0	6.25	nan	1829492	0	914746	0	914746	0	104532	0	5.71	nan	113168	0	1123	0	0.06	nan	134	0	72	0	1829492
GRCg7b | M301115.lib1	32994014	0	0	0	0	0	0	0	3852	0	0.01	nan	32994014	0	16497007	0	16497007	0	778	0	0.0	nan	826	0	3026	0	0.01	nan	2	0	0	0	32994014
GRCg7b | M301116.lib1	25414288	0	0	0	0	0	0	0	7126	0	0.03	nan	25414288	0	12707144	0	12707144	0	3604	0	0.01	nan	3722	0	3404	0	0.01	nan	10	0	1	0	25414288
GRCg7b | M301117.lib1	1610636	0	0	0	0	0	0	0	16627	0	1.03	nan	1610636	0	805318	0	805318	0	15752	0	0.98	nan	16176	0	451	0	0.03	nan	14	0	0	0	1610636
GRCg7b | M301118.lib1	19703996	0	0	0	0	0	0	0	2445	0	0.01	nan	19703996	0	9851998	0	9851998	0	384	0	0.0	nan	390	0	2055	0	0.01	nan	0	0	0	0	19703996
GRCg7b | M301119.lib1	22348088	0	0	0	0	0	0	0	5521	0	0.02	nan	22348088	0	11174044	0	11174044	0	3322	0	0.01	nan	3516	0	2005	0	0.01	nan	2	0	0	0	22348088
GRCg7b | M301120.lib1	657206	0	0	0	0	0	0	0	355193	0	54.05	nan	657206	0	328603	0	328603	0	330140	0	50.23	nan	352488	0	2705	0	0.41	nan	660	0	243	0	657206
GRCg7b | M301121.lib1	18157384	0	0	0	0	0	0	0	3424	0	0.02	nan	18157384	0	9078692	0	9078692	0	884	0	0.0	nan	912	0	2512	0	0.01	nan	0	0	0	0	18157384
GRCg7b | M301122.lib1	23593542	0	0	0	0	0	0	0	37325	0	0.16	nan	23593542	0	11796771	0	11796771	0	34254	0	0.15	nan	34770	0	2555	0	0.01	nan	38	0	20	0	23593542
GRCg7b | M301123.lib1	948094	0	0	0	0	0	0	0	8822	0	0.93	nan	948094	0	474047	0	474047	0	8042	0	0.85	nan	8614	0	208	0	0.02	nan	22	0	15	0	948094
GRCg7b | M301124.lib1	22464542	0	0	0	0	0	0	0	3226	0	0.01	nan	22464542	0	11232271	0	11232271	0	1914	0	0.01	nan	1936	0	1290	0	0.01	nan	2	0	2	0	22464542
GRCg7b | M301125.lib1	64709656	0	0	0	0	0	0	0	14245	0	0.02	nan	64709656	0	32354828	0	32354828	0	8048	0	0.01	nan	8306	0	5939	0	0.01	nan	0	0	0	0	64709656
GRCg7b | M301126.lib1	17343352	0	0	0	0	0	0	0	2576	0	0.01	nan	17343352	0	8671676	0	8671676	0	488	0	0.0	nan	514	0	2062	0	0.01	nan	0	0	0	0	17343352
GRCg7b | M301127.lib1	304606	0	0	0	0	0	0	0	11279	0	3.7	nan	304606	0	152303	0	152303	0	10528	0	3.46	nan	11126	0	153	0	0.05	nan	8	0	4	0	304606
GRCg7b | M301128.lib1	24506698	0	0	0	0	0	0	0	21002	0	0.09	nan	24506698	0	12253349	0	12253349	0	16694	0	0.07	nan	17754	0	3248	0	0.01	nan	44	0	14	0	24506698
GRCg7b | M301129.lib1	8138646	0	0	0	0	0	0	0	1583	0	0.02	nan	8138646	0	4069323	0	4069323	0	292	0	0.0	nan	296	0	1287	0	0.02	nan	0	0	0	0	8138646
GRCg7b | M301130.lib1	22135392	0	0	0	0	0	0	0	118144	0	0.53	nan	22135392	0	11067696	0	11067696	0	113012	0	0.51	nan	115530	0	2614	0	0.01	nan	96	0	22	0	22135392
GRCg7b | M301131.lib1	16844	0	0	0	0	0	0	0	539	0	3.2	nan	16844	0	8422	0	8422	0	2	0	0.01	nan	2	0	537	0	3.19	nan	0	0	0	0	16844
GRCg7b | M301132.lib1	595918	0	0	0	0	0	0	0	53109	0	8.91	nan	595918	0	297959	0	297959	0	51234	0	8.6	nan	52742	0	367	0	0.06	nan	28	0	8	0	595918
GRCg7b | M301133.lib1	25279530	0	0	0	0	0	0	0	4180	0	0.02	nan	25279530	0	12639765	0	12639765	0	2534	0	0.01	nan	2598	0	1582	0	0.01	nan	4	0	2	0	25279530
GRCg7b | M301134.lib1	5847472	0	0	0	0	0	0	0	741	0	0.01	nan	5847472	0	2923736	0	2923736	0	280	0	0.0	nan	280	0	461	0	0.01	nan	0	0	0	0	5847472
GRCg7b | M301135.lib1	20738	0	0	0	0	0	0	0	149	0	0.72	nan	20738	0	10369	0	10369	0	12	0	0.06	nan	14	0	135	0	0.65	nan	0	0	0	0	20738
GRCg7b | M301136.lib1	20596510	0	0	0	0	0	0	0	1899	0	0.01	nan	20596510	0	10298255	0	10298255	0	180	0	0.0	nan	180	0	1719	0	0.01	nan	0	0	0	0	20596510
GRCg7b | M301137.lib1	21483068	0	0	0	0	0	0	0	1885	0	0.01	nan	21483068	0	10741534	0	10741534	0	146	0	0.0	nan	156	0	1729	0	0.01	nan	0	0	0	0	21483068
GRCg7b | M301138.lib1	3361236	0	0	0	0	0	0	0	6736	0	0.2	nan	3361236	0	1680618	0	1680618	0	6148	0	0.18	nan	6336	0	400	0	0.01	nan	2	0	2	0	3361236
GRCg7b | M301139.lib1	21716280	0	0	0	0	0	0	0	6847	0	0.03	nan	21716280	0	10858140	0	10858140	0	3536	0	0.02	nan	3638	0	3209	0	0.01	nan	2	0	1	0	21716280
GRCg7b | M301140.lib1	7741992	0	0	0	0	0	0	0	141571	0	1.83	nan	7741992	0	3870996	0	3870996	0	131368	0	1.7	nan	139142	0	2429	0	0.03	nan	478	0	156	0	7741992
GRCg7b | M301141.lib1	24404670	0	0	0	0	0	0	0	15549	0	0.06	nan	24404670	0	12202335	0	12202335	0	11738	0	0.05	nan	12364	0	3185	0	0.01	nan	16	0	2	0	24404670
GRCg7b | M301142.lib1	9334996	0	0	0	0	0	0	0	88718	0	0.95	nan	9334996	0	4667498	0	4667498	0	79840	0	0.86	nan	84622	0	4096	0	0.04	nan	164	0	54	0	9334996
GRCg7b | M301143.lib1	24617226	0	0	0	0	0	0	0	87275	0	0.35	nan	24617226	0	12308613	0	12308613	0	77292	0	0.31	nan	83680	0	3595	0	0.01	nan	208	0	47	0	24617226
GRCg7b | M301144.lib1	21345198	0	0	0	0	0	0	0	5208	0	0.02	nan	21345198	0	10672599	0	10672599	0	2990	0	0.01	nan	3042	0	2166	0	0.01	nan	2	0	0	0	21345198
GRCg7b | M301145.lib1	516414	0	0	0	0	0	0	0	197866	0	38.32	nan	516414	0	258207	0	258207	0	179332	0	34.73	nan	195688	0	2178	0	0.42	nan	446	0	166	0	516414
GRCg7b | M301146.lib1	15503526	0	0	0	0	0	0	0	24816	0	0.16	nan	15503526	0	7751763	0	7751763	0	22570	0	0.15	nan	22796	0	2020	0	0.01	nan	0	0	0	0	15503526
GRCg7b | M301147.lib1	8370	0	0	0	0	0	0	0	37	0	0.44	nan	8370	0	4185	0	4185	0	30	0	0.36	nan	30	0	7	0	0.08	nan	0	0	0	0	8370
GRCg7b | M301148.lib1	5720440	0	0	0	0	0	0	0	1488	0	0.03	nan	5720440	0	2860220	0	2860220	0	448	0	0.01	nan	452	0	1036	0	0.02	nan	0	0	0	0	5720440
GRCg7b | M301149.lib1	1727676	0	0	0	0	0	0	0	9232	0	0.53	nan	1727676	0	863838	0	863838	0	8298	0	0.48	nan	8822	0	410	0	0.02	nan	22	0	5	0	1727676
GRCg7b | M301150.lib1	183754	0	0	0	0	0	0	0	1097	0	0.6	nan	183754	0	91877	0	91877	0	1036	0	0.56	nan	1052	0	45	0	0.02	nan	0	0	0	0	183754
GRCg7b | M301151.lib1	4535306	0	0	0	0	0	0	0	4774	0	0.11	nan	4535306	0	2267653	0	2267653	0	3824	0	0.08	nan	3990	0	784	0	0.02	nan	2	0	2	0	4535306
GRCg7b | M301152.lib1	19642060	0	0	0	0	0	0	0	5590	0	0.03	nan	19642060	0	9821030	0	9821030	0	1840	0	0.01	nan	1902	0	3688	0	0.02	nan	2	0	2	0	19642060
GRCg7b | M301153.lib1	18651444	0	0	0	0	0	0	0	3097	0	0.02	nan	18651444	0	9325722	0	9325722	0	1596	0	0.01	nan	1612	0	1485	0	0.01	nan	2	0	1	0	18651444
GRCg7b | M301154.lib1	20055460	0	0	0	0	0	0	0	15333	0	0.08	nan	20055460	0	10027730	0	10027730	0	10450	0	0.05	nan	11294	0	4039	0	0.02	nan	10	0	3	0	20055460
GRCg7b | M301155.lib1	1473414	0	0	0	0	0	0	0	1602	0	0.11	nan	1473414	0	736707	0	736707	0	1168	0	0.08	nan	1206	0	396	0	0.03	nan	0	0	0	0	1473414
GRCg7b | M301156.lib1	305024	0	0	0	0	0	0	0	2359	0	0.77	nan	305024	0	152512	0	152512	0	2094	0	0.69	nan	2214	0	145	0	0.05	nan	0	0	0	0	305024
GRCg7b | M301157.lib1	19228148	0	0	0	0	0	0	0	4038	0	0.02	nan	19228148	0	9614074	0	9614074	0	926	0	0.0	nan	942	0	3096	0	0.02	nan	0	0	0	0	19228148
GRCg7b | M301158.lib1	12620622	0	0	0	0	0	0	0	5606	0	0.04	nan	12620622	0	6310311	0	6310311	0	3324	0	0.03	nan	3522	0	2084	0	0.02	nan	4	0	2	0	12620622
GRCg7b | M301159.lib1	19399388	0	0	0	0	0	0	0	9170	0	0.05	nan	19399388	0	9699694	0	9699694	0	4454	0	0.02	nan	4610	0	4560	0	0.02	nan	30	0	27	0	19399388
GRCg7b | M301160.lib1	276300	0	0	0	0	0	0	0	27073	0	9.8	nan	276300	0	138150	0	138150	0	21542	0	7.8	nan	23104	0	3969	0	1.44	nan	42	0	14	0	276300
GRCg7b | M301161.lib1	15068066	0	0	0	0	0	0	0	6538	0	0.04	nan	15068066	0	7534033	0	7534033	0	2722	0	0.02	nan	2966	0	3572	0	0.02	nan	4	0	3	0	15068066
GRCg7b | M301162.lib1	31866556	0	0	0	0	0	0	0	105893	0	0.33	nan	31866556	0	15933278	0	15933278	0	94418	0	0.3	nan	101088	0	4805	0	0.02	nan	212	0	96	0	31866556
GRCg7b | M301163.lib1	18421616	0	0	0	0	0	0	0	806578	0	4.38	nan	18421616	0	9210808	0	9210808	0	731920	0	3.97	nan	797596	0	8982	0	0.05	nan	1176	0	394	0	18421616
GRCg7b | M301164.lib1	24590258	0	0	0	0	0	0	0	16567	0	0.07	nan	24590258	0	12295129	0	12295129	0	12006	0	0.05	nan	13058	0	3509	0	0.01	nan	14	0	9	0	24590258
GRCg7b | M301165.lib1	913418	0	0	0	0	0	0	0	1945	0	0.21	nan	913418	0	456709	0	456709	0	1674	0	0.18	nan	1780	0	165	0	0.02	nan	8	0	4	0	913418
GRCg7b | M301166.lib1	16447684	0	0	0	0	0	0	0	531518	0	3.23	nan	16447684	0	8223842	0	8223842	0	440872	0	2.68	nan	524136	0	7382	0	0.04	nan	1438	0	546	0	16447684
GRCg7b | M301167.lib1	161358	0	0	0	0	0	0	0	1093	0	0.68	nan	161358	0	80679	0	80679	0	990	0	0.61	nan	1026	0	67	0	0.04	nan	0	0	0	0	161358
GRCg7b | M301168.lib1	23185098	0	0	0	0	0	0	0	70337	0	0.3	nan	23185098	0	11592549	0	11592549	0	57932	0	0.25	nan	66236	0	4101	0	0.02	nan	172	0	49	0	23185098
GRCg7b | M301169.lib1	17072848	0	0	0	0	0	0	0	36125	0	0.21	nan	17072848	0	8536424	0	8536424	0	28908	0	0.17	nan	32688	0	3437	0	0.02	nan	72	0	30	0	17072848
GRCg7b | M301170.lib1	285928	0	0	0	0	0	0	0	476	0	0.17	nan	285928	0	142964	0	142964	0	414	0	0.14	nan	414	0	62	0	0.02	nan	0	0	0	0	285928
GRCg7b | M301171.lib1	6236440	0	0	0	0	0	0	0	12063	0	0.19	nan	6236440	0	3118220	0	3118220	0	11750	0	0.19	nan	11764	0	299	0	0.0	nan	0	0	0	0	6236440
GRCg7b | M301172.lib1	18377726	0	0	0	0	0	0	0	4982	0	0.03	nan	18377726	0	9188863	0	9188863	0	2642	0	0.01	nan	2722	0	2260	0	0.01	nan	0	0	0	0	18377726
GRCg7b | M301173.lib1	19332294	0	0	0	0	0	0	0	9843	0	0.05	nan	19332294	0	9666147	0	9666147	0	5786	0	0.03	nan	6022	0	3821	0	0.02	nan	6	0	3	0	19332294
GRCg7b | M301174.lib1	404822	0	0	0	0	0	0	0	2106	0	0.52	nan	404822	0	202411	0	202411	0	2014	0	0.5	nan	2034	0	72	0	0.02	nan	4	0	3	0	404822
GRCg7b | M301175.lib1	1266028	0	0	0	0	0	0	0	1149	0	0.09	nan	1266028	0	633014	0	633014	0	894	0	0.07	nan	904	0	245	0	0.02	nan	0	0	0	0	1266028
GRCg7b | M301176.lib1	9764	0	0	0	0	0	0	0	23	0	0.24	nan	9764	0	4882	0	4882	0	8	0	0.08	nan	12	0	11	0	0.11	nan	0	0	0	0	9764
GRCg7b | M301177.lib1	20587808	0	0	0	0	0	0	0	69112	0	0.34	nan	20587808	0	10293904	0	10293904	0	60280	0	0.29	nan	66334	0	2778	0	0.01	nan	142	0	49	0	20587808
GRCg7b | M301178.lib1	15926854	0	0	0	0	0	0	0	25514	0	0.16	nan	15926854	0	7963427	0	7963427	0	21442	0	0.13	nan	23212	0	2302	0	0.01	nan	60	0	16	0	15926854
GRCg7b | M301179.lib1	21938842	0	0	0	0	0	0	0	3588	0	0.02	nan	21938842	0	10969421	0	10969421	0	2036	0	0.01	nan	2094	0	1494	0	0.01	nan	10	0	9	0	21938842
GRCg7b | M301180.lib1	144580	0	0	0	0	0	0	0	291	0	0.2	nan	144580	0	72290	0	72290	0	258	0	0.18	nan	266	0	25	0	0.02	nan	0	0	0	0	144580
GRCg7b | M301181.lib1	26166470	0	0	0	0	0	0	0	8070	0	0.03	nan	26166470	0	13083235	0	13083235	0	5880	0	0.02	nan	6072	0	1998	0	0.01	nan	12	0	11	0	26166470
GRCg7b | M301182.lib1	21117132	0	0	0	0	0	0	0	3673	0	0.02	nan	21117132	0	10558566	0	10558566	0	866	0	0.0	nan	888	0	2785	0	0.01	nan	2	0	1	0	21117132
GRCg7b | M301183.lib1	227898	0	0	0	0	0	0	0	122	0	0.05	nan	227898	0	113949	0	113949	0	70	0	0.03	nan	70	0	52	0	0.02	nan	0	0	0	0	227898
GRCg7b | M301184.lib1	26040462	0	0	0	0	0	0	0	5359	0	0.02	nan	26040462	0	13020231	0	13020231	0	3168	0	0.01	nan	3268	0	2091	0	0.01	nan	0	0	0	0	26040462
GRCg7b | M301185.lib1	17236142	0	0	0	0	0	0	0	5867	0	0.03	nan	17236142	0	8618071	0	8618071	0	2242	0	0.01	nan	2320	0	3547	0	0.02	nan	18	0	12	0	17236142
GRCh38 | M300800.lib1	246568	0	0	0	0	0	0	0	7363	0	2.99	nan	246568	0	123284	0	123284	0	6954	0	2.82	nan	7332	0	31	0	0.01	nan	22	0	6	0	246568
GRCh38 | M300801.lib1	16505788	0	0	0	0	0	0	0	2162	0	0.01	nan	16505788	0	8252894	0	8252894	0	1962	0	0.01	nan	2098	0	64	0	0.0	nan	12	0	3	0	16505788
GRCh38 | M300803.lib1	15025750	0	0	0	0	0	0	0	1834	0	0.01	nan	15025750	0	7512875	0	7512875	0	1724	0	0.01	nan	1788	0	46	0	0.0	nan	0	0	0	0	15025750
GRCh38 | M300804.lib1	2564890	0	0	0	0	0	0	0	463	0	0.02	nan	2564890	0	1282445	0	1282445	0	418	0	0.02	nan	452	0	11	0	0.0	nan	2	0	0	0	2564890
GRCh38 | M300805.lib1	420892	0	0	0	0	0	0	0	15029	0	3.57	nan	420892	0	210446	0	210446	0	14238	0	3.38	nan	14836	0	193	0	0.05	nan	42	0	11	0	420892
GRCh38 | M300806.lib1	14739038	0	0	0	0	0	0	0	2915	0	0.02	nan	14739038	0	7369519	0	7369519	0	2760	0	0.02	nan	2838	0	77	0	0.0	nan	2	0	0	0	14739038
GRCh38 | M300807.lib1	12886452	0	0	0	0	0	0	0	29824	0	0.23	nan	12886452	0	6443226	0	6443226	0	28552	0	0.22	nan	29418	0	406	0	0.0	nan	44	0	11	0	12886452
GRCh38 | M300808.lib1	8679362	0	0	0	0	0	0	0	2553	0	0.03	nan	8679362	0	4339681	0	4339681	0	2142	0	0.02	nan	2196	0	357	0	0.0	nan	8	0	4	0	8679362
GRCh38 | M300809.lib1	20996648	0	0	0	0	0	0	0	12062	0	0.06	nan	20996648	0	10498324	0	10498324	0	11108	0	0.05	nan	11540	0	522	0	0.0	nan	76	0	21	0	20996648
GRCh38 | M300810.lib1	12457932	0	0	0	0	0	0	0	4130	0	0.03	nan	12457932	0	6228966	0	6228966	0	3878	0	0.03	nan	4066	0	64	0	0.0	nan	10	0	2	0	12457932
GRCh38 | M300811.lib1	16431726	0	0	0	0	0	0	0	27690	0	0.17	nan	16431726	0	8215863	0	8215863	0	25954	0	0.16	nan	27492	0	198	0	0.0	nan	112	0	24	0	16431726
GRCh38 | M300812.lib1	4374	0	0	0	0	0	0	0	1069	0	24.44	nan	4374	0	2187	0	2187	0	1020	0	23.32	nan	1064	0	5	0	0.11	nan	2	0	1	0	4374
GRCh38 | M300813.lib1	2679032	0	0	0	0	0	0	0	2048174	0	76.45	nan	2679032	0	1339516	0	1339516	0	1999684	0	74.64	nan	2033338	0	14836	0	0.55	nan	2848	0	932	0	2679032
GRCh38 | M300814.lib1	14635288	0	0	0	0	0	0	0	15848	0	0.11	nan	14635288	0	7317644	0	7317644	0	15012	0	0.1	nan	15594	0	254	0	0.0	nan	34	0	12	0	14635288
GRCh38 | M300815.lib1	12302408	0	0	0	0	0	0	0	5233	0	0.04	nan	12302408	0	6151204	0	6151204	0	4946	0	0.04	nan	5122	0	111	0	0.0	nan	16	0	9	0	12302408
GRCh38 | M300816.lib1	19012366	0	0	0	0	0	0	0	13788	0	0.07	nan	19012366	0	9506183	0	9506183	0	12776	0	0.07	nan	12996	0	792	0	0.0	nan	34	0	3	0	19012366
GRCh38 | M300817.lib1	1222386	0	0	0	0	0	0	0	190337	0	15.57	nan	1222386	0	611193	0	611193	0	186448	0	15.25	nan	189662	0	675	0	0.06	nan	314	0	125	0	1222386
GRCh38 | M300818.lib1	18251496	0	0	0	0	0	0	0	15434	0	0.08	nan	18251496	0	9125748	0	9125748	0	15124	0	0.08	nan	15336	0	98	0	0.0	nan	18	0	5	0	18251496
GRCh38 | M300819.lib1	11819108	0	0	0	0	0	0	0	11135	0	0.09	nan	11819108	0	5909554	0	5909554	0	10842	0	0.09	nan	11048	0	87	0	0.0	nan	32	0	20	0	11819108
GRCh38 | M300820.lib1	11959106	0	0	0	0	0	0	0	21545	0	0.18	nan	11959106	0	5979553	0	5979553	0	20722	0	0.17	nan	21266	0	279	0	0.0	nan	42	0	12	0	11959106
GRCh38 | M300821.lib1	14596290	0	0	0	0	0	0	0	67811	0	0.46	nan	14596290	0	7298145	0	7298145	0	66426	0	0.46	nan	67422	0	389	0	0.0	nan	140	0	53	0	14596290
GRCh38 | M300822.lib1	14593264	0	0	0	0	0	0	0	11184	0	0.08	nan	14593264	0	7296632	0	7296632	0	10972	0	0.08	nan	11114	0	70	0	0.0	nan	16	0	4	0	14593264
GRCh38 | M300823.lib1	2578856	0	0	0	0	0	0	0	94455	0	3.66	nan	2578856	0	1289428	0	1289428	0	91884	0	3.56	nan	93684	0	771	0	0.03	nan	204	0	40	0	2578856
GRCh38 | M300824.lib1	11162774	0	0	0	0	0	0	0	11673	0	0.1	nan	11162774	0	5581387	0	5581387	0	11134	0	0.1	nan	11444	0	229	0	0.0	nan	40	0	19	0	11162774
GRCh38 | M300825.lib1	10649548	0	0	0	0	0	0	0	5441	0	0.05	nan	10649548	0	5324774	0	5324774	0	5346	0	0.05	nan	5384	0	57	0	0.0	nan	2	0	0	0	10649548
GRCh38 | M300826.lib1	270992	0	0	0	0	0	0	0	132278	0	48.81	nan	270992	0	135496	0	135496	0	129288	0	47.71	nan	131718	0	560	0	0.21	nan	194	0	42	0	270992
GRCh38 | M300827.lib1	4989400	0	0	0	0	0	0	0	26395	0	0.53	nan	4989400	0	2494700	0	2494700	0	25880	0	0.52	nan	26286	0	109	0	0.0	nan	44	0	10	0	4989400
GRCh38 | M300828.lib1	9488038	0	0	0	0	0	0	0	8526	0	0.09	nan	9488038	0	4744019	0	4744019	0	8240	0	0.09	nan	8452	0	74	0	0.0	nan	32	0	12	0	9488038
GRCh38 | M300829.lib1	11465930	0	0	0	0	0	0	0	12153	0	0.11	nan	11465930	0	5732965	0	5732965	0	11836	0	0.1	nan	12090	0	63	0	0.0	nan	16	0	2	0	11465930
GRCh38 | M300830.lib1	543718	0	0	0	0	0	0	0	122567	0	22.54	nan	543718	0	271859	0	271859	0	117680	0	21.64	nan	121786	0	781	0	0.14	nan	276	0	72	0	543718
GRCh38 | M300831.lib1	14505568	0	0	0	0	0	0	0	9719	0	0.07	nan	14505568	0	7252784	0	7252784	0	9346	0	0.06	nan	9640	0	79	0	0.0	nan	22	0	11	0	14505568
GRCh38 | M300832.lib1	800062	0	0	0	0	0	0	0	136671	0	17.08	nan	800062	0	400031	0	400031	0	132456	0	16.56	nan	135422	0	1249	0	0.16	nan	416	0	160	0	800062
GRCh38 | M300833.lib1	8898822	0	0	0	0	0	0	0	8144	0	0.09	nan	8898822	0	4449411	0	4449411	0	6870	0	0.08	nan	7076	0	1068	0	0.01	nan	34	0	4	0	8898822
GRCh38 | M300834.lib1	11689550	0	0	0	0	0	0	0	7583	0	0.06	nan	11689550	0	5844775	0	5844775	0	7258	0	0.06	nan	7524	0	59	0	0.0	nan	18	0	8	0	11689550
GRCh38 | M300835.lib1	12317394	0	0	0	0	0	0	0	4052	0	0.03	nan	12317394	0	6158697	0	6158697	0	3818	0	0.03	nan	3930	0	122	0	0.0	nan	8	0	2	0	12317394
GRCh38 | M300836.lib1	17699156	0	0	0	0	0	0	0	25310	0	0.14	nan	17699156	0	8849578	0	8849578	0	24390	0	0.14	nan	24992	0	318	0	0.0	nan	52	0	12	0	17699156
GRCh38 | M300837.lib1	9342198	0	0	0	0	0	0	0	8376	0	0.09	nan	9342198	0	4671099	0	4671099	0	7838	0	0.08	nan	8114	0	262	0	0.0	nan	34	0	5	0	9342198
GRCh38 | M300838.lib1	770	0	0	0	0	0	0	0	490	0	63.64	nan	770	0	385	0	385	0	474	0	61.56	nan	488	0	2	0	0.26	nan	0	0	0	0	770
GRCh38 | M300839.lib1	12165784	0	0	0	0	0	0	0	102541	0	0.84	nan	12165784	0	6082892	0	6082892	0	94422	0	0.78	nan	97528	0	5013	0	0.04	nan	396	0	197	0	12165784
GRCh38 | M300840.lib1	9261550	0	0	0	0	0	0	0	24544	0	0.27	nan	9261550	0	4630775	0	4630775	0	23968	0	0.26	nan	24336	0	208	0	0.0	nan	36	0	11	0	9261550
GRCh38 | M300841.lib1	619858	0	0	0	0	0	0	0	164950	0	26.61	nan	619858	0	309929	0	309929	0	161748	0	26.09	nan	164392	0	558	0	0.09	nan	216	0	58	0	619858
GRCh38 | M300886.lib1	10163860	0	0	0	0	0	0	0	16548	0	0.16	nan	10163860	0	5081930	0	5081930	0	16022	0	0.16	nan	16398	0	150	0	0.0	nan	38	0	6	0	10163860
GRCh38 | M301037.lib1	8945504	0	0	0	0	0	0	0	8096	0	0.09	nan	8945504	0	4472752	0	4472752	0	7898	0	0.09	nan	8046	0	50	0	0.0	nan	8	0	4	0	8945504
GRCh38 | M301038.lib1	30076888	0	0	0	0	0	0	0	15431	0	0.05	nan	30076888	0	15038444	0	15038444	0	14728	0	0.05	nan	15086	0	345	0	0.0	nan	34	0	12	0	30076888
GRCh38 | M301039.lib1	13637706	0	0	0	0	0	0	0	16521	0	0.12	nan	13637706	0	6818853	0	6818853	0	16080	0	0.12	nan	16406	0	115	0	0.0	nan	26	0	7	0	13637706
GRCh38 | M301040.lib1	664976	0	0	0	0	0	0	0	146145	0	21.98	nan	664976	0	332488	0	332488	0	137404	0	20.66	nan	145426	0	719	0	0.11	nan	572	0	215	0	664976
GRCh38 | M301041.lib1	18306972	0	0	0	0	0	0	0	20166	0	0.11	nan	18306972	0	9153486	0	9153486	0	19628	0	0.11	nan	20028	0	138	0	0.0	nan	34	0	3	0	18306972
GRCh38 | M301042.lib1	17768120	0	0	0	0	0	0	0	119751	0	0.67	nan	17768120	0	8884060	0	8884060	0	115458	0	0.65	nan	118568	0	1183	0	0.01	nan	306	0	90	0	17768120
GRCh38 | M301043.lib1	701878	0	0	0	0	0	0	0	272495	0	38.82	nan	701878	0	350939	0	350939	0	265958	0	37.89	nan	271074	0	1421	0	0.2	nan	668	0	210	0	701878
GRCh38 | M301044.lib1	11225982	0	0	0	0	0	0	0	13900	0	0.12	nan	11225982	0	5612991	0	5612991	0	13432	0	0.12	nan	13756	0	144	0	0.0	nan	20	0	8	0	11225982
GRCh38 | M301045.lib1	16178724	0	0	0	0	0	0	0	23427	0	0.14	nan	16178724	0	8089362	0	8089362	0	22664	0	0.14	nan	23154	0	273	0	0.0	nan	28	0	6	0	16178724
GRCh38 | M301046.lib1	16907744	0	0	0	0	0	0	0	18457	0	0.11	nan	16907744	0	8453872	0	8453872	0	17792	0	0.11	nan	18224	0	233	0	0.0	nan	20	0	6	0	16907744
GRCh38 | M301047.lib1	1506760	0	0	0	0	0	0	0	173807	0	11.54	nan	1506760	0	753380	0	753380	0	169898	0	11.28	nan	173038	0	769	0	0.05	nan	288	0	125	0	1506760
GRCh38 | M301048.lib1	8400212	0	0	0	0	0	0	0	17498	0	0.21	nan	8400212	0	4200106	0	4200106	0	16768	0	0.2	nan	17282	0	216	0	0.0	nan	34	0	8	0	8400212
GRCh38 | M301049.lib1	13568374	0	0	0	0	0	0	0	13677	0	0.1	nan	13568374	0	6784187	0	6784187	0	13018	0	0.1	nan	13486	0	191	0	0.0	nan	32	0	9	0	13568374
GRCh38 | M301050.lib1	14420432	0	0	0	0	0	0	0	17726	0	0.12	nan	14420432	0	7210216	0	7210216	0	17076	0	0.12	nan	17592	0	134	0	0.0	nan	24	0	6	0	14420432
GRCh38 | M301051.lib1	13474326	0	0	0	0	0	0	0	27409	0	0.2	nan	13474326	0	6737163	0	6737163	0	26238	0	0.19	nan	26910	0	499	0	0.0	nan	64	0	16	0	13474326
GRCh38 | M301052.lib1	12208858	0	0	0	0	0	0	0	21888	0	0.18	nan	12208858	0	6104429	0	6104429	0	21112	0	0.17	nan	21734	0	154	0	0.0	nan	38	0	21	0	12208858
GRCh38 | M301053.lib1	262782	0	0	0	0	0	0	0	99597	0	37.9	nan	262782	0	131391	0	131391	0	96364	0	36.67	nan	99088	0	509	0	0.19	nan	298	0	133	0	262782
GRCh38 | M301054.lib1	13047978	0	0	0	0	0	0	0	62526	0	0.48	nan	13047978	0	6523989	0	6523989	0	53544	0	0.41	nan	56330	0	6196	0	0.05	nan	1566	0	974	0	13047978
GRCh38 | M301055.lib1	295910	0	0	0	0	0	0	0	1440	0	0.49	nan	295910	0	147955	0	147955	0	76	0	0.03	nan	86	0	1354	0	0.46	nan	0	0	0	0	295910
GRCh38 | M301056.lib1	442072	0	0	0	0	0	0	0	94870	0	21.46	nan	442072	0	221036	0	221036	0	92670	0	20.96	nan	94540	0	330	0	0.07	nan	170	0	61	0	442072
GRCh38 | M301057.lib1	13727088	0	0	0	0	0	0	0	22566	0	0.16	nan	13727088	0	6863544	0	6863544	0	21968	0	0.16	nan	22404	0	162	0	0.0	nan	22	0	5	0	13727088
GRCh38 | M301058.lib1	16720304	0	0	0	0	0	0	0	15872	0	0.09	nan	16720304	0	8360152	0	8360152	0	15226	0	0.09	nan	15624	0	248	0	0.0	nan	48	0	10	0	16720304
GRCh38 | M301059.lib1	12549164	0	0	0	0	0	0	0	13560	0	0.11	nan	12549164	0	6274582	0	6274582	0	13014	0	0.1	nan	13360	0	200	0	0.0	nan	16	0	1	0	12549164
GRCh38 | M301060.lib1	12392934	0	0	0	0	0	0	0	25218	0	0.2	nan	12392934	0	6196467	0	6196467	0	24308	0	0.2	nan	25050	0	168	0	0.0	nan	68	0	22	0	12392934
GRCh38 | M301061.lib1	9028	0	0	0	0	0	0	0	4550	0	50.4	nan	9028	0	4514	0	4514	0	4368	0	48.38	nan	4542	0	8	0	0.09	nan	24	0	6	0	9028
GRCh38 | M301062.lib1	805518	0	0	0	0	0	0	0	106780	0	13.26	nan	805518	0	402759	0	402759	0	103766	0	12.88	nan	106036	0	744	0	0.09	nan	220	0	78	0	805518
GRCh38 | M301063.lib1	18451118	0	0	0	0	0	0	0	16523	0	0.09	nan	18451118	0	9225559	0	9225559	0	16002	0	0.09	nan	16378	0	145	0	0.0	nan	24	0	6	0	18451118
GRCh38 | M301064.lib1	6278982	0	0	0	0	0	0	0	12670	0	0.2	nan	6278982	0	3139491	0	3139491	0	12178	0	0.19	nan	12552	0	118	0	0.0	nan	26	0	8	0	6278982
GRCh38 | M301065.lib1	15080552	0	0	0	0	0	0	0	10481	0	0.07	nan	15080552	0	7540276	0	7540276	0	10188	0	0.07	nan	10382	0	99	0	0.0	nan	12	0	2	0	15080552
GRCh38 | M301066.lib1	8208340	0	0	0	0	0	0	0	4258	0	0.05	nan	8208340	0	4104170	0	4104170	0	4134	0	0.05	nan	4202	0	56	0	0.0	nan	10	0	6	0	8208340
GRCh38 | M301067.lib1	386916	0	0	0	0	0	0	0	196820	0	50.87	nan	386916	0	193458	0	193458	0	192650	0	49.79	nan	195800	0	1020	0	0.26	nan	302	0	97	0	386916
GRCh38 | M301068.lib1	13998208	0	0	0	0	0	0	0	41419	0	0.3	nan	13998208	0	6999104	0	6999104	0	33520	0	0.24	nan	37272	0	4147	0	0.03	nan	350	0	164	0	13998208
GRCh38 | M301069.lib1	12966144	0	0	0	0	0	0	0	6562	0	0.05	nan	12966144	0	6483072	0	6483072	0	6350	0	0.05	nan	6498	0	64	0	0.0	nan	6	0	0	0	12966144
GRCh38 | M301070.lib1	13133240	0	0	0	0	0	0	0	11742	0	0.09	nan	13133240	0	6566620	0	6566620	0	11328	0	0.09	nan	11642	0	100	0	0.0	nan	30	0	6	0	13133240
GRCh38 | M301071.lib1	425302	0	0	0	0	0	0	0	129837	0	30.53	nan	425302	0	212651	0	212651	0	124644	0	29.31	nan	128488	0	1349	0	0.32	nan	294	0	103	0	425302
GRCh38 | M301072.lib1	9283642	0	0	0	0	0	0	0	1929	0	0.02	nan	9283642	0	4641821	0	4641821	0	1882	0	0.02	nan	1906	0	23	0	0.0	nan	0	0	0	0	9283642
GRCh38 | M301073.lib1	13633602	0	0	0	0	0	0	0	23578	0	0.17	nan	13633602	0	6816801	0	6816801	0	23102	0	0.17	nan	23464	0	114	0	0.0	nan	48	0	10	0	13633602
GRCh38 | M301074.lib1	101290	0	0	0	0	0	0	0	54590	0	53.89	nan	101290	0	50645	0	50645	0	53204	0	52.53	nan	54300	0	290	0	0.29	nan	176	0	65	0	101290
GRCh38 | M301075.lib1	12988916	0	0	0	0	0	0	0	9439	0	0.07	nan	12988916	0	6494458	0	6494458	0	9226	0	0.07	nan	9374	0	65	0	0.0	nan	18	0	8	0	12988916
GRCh38 | M301076.lib1	9447846	0	0	0	0	0	0	0	2570	0	0.03	nan	9447846	0	4723923	0	4723923	0	2492	0	0.03	nan	2520	0	50	0	0.0	nan	4	0	1	0	9447846
GRCh38 | M301077.lib1	11421124	0	0	0	0	0	0	0	13165	0	0.12	nan	11421124	0	5710562	0	5710562	0	12876	0	0.11	nan	13056	0	109	0	0.0	nan	24	0	15	0	11421124
GRCh38 | M301078.lib1	242080	0	0	0	0	0	0	0	111767	0	46.17	nan	242080	0	121040	0	121040	0	109142	0	45.09	nan	111348	0	419	0	0.17	nan	148	0	45	0	242080
GRCh38 | M301079.lib1	12311088	0	0	0	0	0	0	0	4829	0	0.04	nan	12311088	0	6155544	0	6155544	0	4628	0	0.04	nan	4740	0	89	0	0.0	nan	6	0	0	0	12311088
GRCh38 | M301080.lib1	14922650	0	0	0	0	0	0	0	6328	0	0.04	nan	14922650	0	7461325	0	7461325	0	5924	0	0.04	nan	6082	0	246	0	0.0	nan	18	0	9	0	14922650
GRCh38 | M301081.lib1	17843682	0	0	0	0	0	0	0	5926	0	0.03	nan	17843682	0	8921841	0	8921841	0	5734	0	0.03	nan	5824	0	102	0	0.0	nan	14	0	9	0	17843682
GRCh38 | M301082.lib1	12226514	0	0	0	0	0	0	0	12635	0	0.1	nan	12226514	0	6113257	0	6113257	0	12304	0	0.1	nan	12560	0	75	0	0.0	nan	20	0	5	0	12226514
GRCh38 | M301083.lib1	88850	0	0	0	0	0	0	0	47705	0	53.69	nan	88850	0	44425	0	44425	0	46886	0	52.77	nan	47578	0	127	0	0.14	nan	44	0	13	0	88850
GRCh38 | M301084.lib1	12150092	0	0	0	0	0	0	0	19826	0	0.16	nan	12150092	0	6075046	0	6075046	0	19406	0	0.16	nan	19726	0	100	0	0.0	nan	40	0	15	0	12150092
GRCh38 | M301085.lib1	17478242	0	0	0	0	0	0	0	553883	0	3.17	nan	17478242	0	8739121	0	8739121	0	522972	0	2.99	nan	550990	0	2893	0	0.02	nan	1684	0	436	0	17478242
GRCh38 | M301086.lib1	1955606	0	0	0	0	0	0	0	88612	0	4.53	nan	1955606	0	977803	0	977803	0	86650	0	4.43	nan	88428	0	184	0	0.01	nan	114	0	34	0	1955606
GRCh38 | M301087.lib1	14359900	0	0	0	0	0	0	0	37322	0	0.26	nan	14359900	0	7179950	0	7179950	0	36640	0	0.26	nan	37138	0	184	0	0.0	nan	32	0	5	0	14359900
GRCh38 | M301089.lib1	14632482	0	0	0	0	0	0	0	3975	0	0.03	nan	14632482	0	7316241	0	7316241	0	3814	0	0.03	nan	3890	0	85	0	0.0	nan	6	0	2	0	14632482
GRCh38 | M301090.lib1	2340046	0	0	0	0	0	0	0	41825	0	1.79	nan	2340046	0	1170023	0	1170023	0	40500	0	1.73	nan	41410	0	415	0	0.02	nan	116	0	40	0	2340046
GRCh38 | M301091.lib1	1035816	0	0	0	0	0	0	0	56641	0	5.47	nan	1035816	0	517908	0	517908	0	55106	0	5.32	nan	56358	0	283	0	0.03	nan	138	0	54	0	1035816
GRCh38 | M301092.lib1	23502158	0	0	0	0	0	0	0	15394	0	0.07	nan	23502158	0	11751079	0	11751079	0	14730	0	0.06	nan	15242	0	152	0	0.0	nan	30	0	10	0	23502158
GRCh38 | M301093.lib1	21997730	0	0	0	0	0	0	0	18268	0	0.08	nan	21997730	0	10998865	0	10998865	0	17536	0	0.08	nan	18056	0	212	0	0.0	nan	52	0	21	0	21997730
GRCh38 | M301094.lib1	23124564	0	0	0	0	0	0	0	30655	0	0.13	nan	23124564	0	11562282	0	11562282	0	29478	0	0.13	nan	30330	0	325	0	0.0	nan	82	0	14	0	23124564
GRCh38 | M301095.lib1	17869738	0	0	0	0	0	0	0	18063	0	0.1	nan	17869738	0	8934869	0	8934869	0	17312	0	0.1	nan	17898	0	165	0	0.0	nan	52	0	9	0	17869738
GRCh38 | M301096.lib1	134402	0	0	0	0	0	0	0	44386	0	33.02	nan	134402	0	67201	0	67201	0	42978	0	31.98	nan	44176	0	210	0	0.16	nan	84	0	30	0	134402
GRCh38 | M301097.lib1	17744408	0	0	0	0	0	0	0	19445	0	0.11	nan	17744408	0	8872204	0	8872204	0	18828	0	0.11	nan	19248	0	197	0	0.0	nan	60	0	26	0	17744408
GRCh38 | M301098.lib1	2688014	0	0	0	0	0	0	0	189869	0	7.06	nan	2688014	0	1344007	0	1344007	0	184122	0	6.85	nan	188754	0	1115	0	0.04	nan	606	0	277	0	2688014
GRCh38 | M301099.lib1	25041724	0	0	0	0	0	0	0	83149	0	0.33	nan	25041724	0	12520862	0	12520862	0	78412	0	0.31	nan	81932	0	1217	0	0.0	nan	268	0	96	0	25041724
GRCh38 | M301100.lib1	2672444	0	0	0	0	0	0	0	1560228	0	58.38	nan	2672444	0	1336222	0	1336222	0	1397434	0	52.29	nan	1548650	0	11578	0	0.43	nan	9470	0	2886	0	2672444
GRCh38 | M301101.lib1	9144436	0	0	0	0	0	0	0	85377	0	0.93	nan	9144436	0	4572218	0	4572218	0	81724	0	0.89	nan	85030	0	347	0	0.0	nan	302	0	136	0	9144436
GRCh38 | M301102.lib1	31001222	0	0	0	0	0	0	0	28057	0	0.09	nan	31001222	0	15500611	0	15500611	0	27086	0	0.09	nan	27806	0	251	0	0.0	nan	42	0	16	0	31001222
GRCh38 | M301103.lib1	29746688	0	0	0	0	0	0	0	33765	0	0.11	nan	29746688	0	14873344	0	14873344	0	32376	0	0.11	nan	33418	0	347	0	0.0	nan	128	0	49	0	29746688
GRCh38 | M301104.lib1	25221092	0	0	0	0	0	0	0	14816	0	0.06	nan	25221092	0	12610546	0	12610546	0	14154	0	0.06	nan	14654	0	162	0	0.0	nan	36	0	9	0	25221092
GRCh38 | M301105.lib1	1578682	0	0	0	0	0	0	0	160913	0	10.19	nan	1578682	0	789341	0	789341	0	152264	0	9.65	nan	158794	0	2119	0	0.13	nan	730	0	163	0	1578682
GRCh38 | M301106.lib1	238812	0	0	0	0	0	0	0	47262	0	19.79	nan	238812	0	119406	0	119406	0	45884	0	19.21	nan	46810	0	452	0	0.19	nan	70	0	25	0	238812
GRCh38 | M301107.lib1	23186784	0	0	0	0	0	0	0	15363	0	0.07	nan	23186784	0	11593392	0	11593392	0	14746	0	0.06	nan	15060	0	303	0	0.0	nan	14	0	8	0	23186784
GRCh38 | M301108.lib1	8652	0	0	0	0	0	0	0	5486	0	63.41	nan	8652	0	4326	0	4326	0	5286	0	61.1	nan	5468	0	18	0	0.21	nan	24	0	10	0	8652
GRCh38 | M301109.lib1	20662690	0	0	0	0	0	0	0	10251	0	0.05	nan	20662690	0	10331345	0	10331345	0	9892	0	0.05	nan	10132	0	119	0	0.0	nan	4	0	0	0	20662690
GRCh38 | M301110.lib1	18239884	0	0	0	0	0	0	0	14755	0	0.08	nan	18239884	0	9119942	0	9119942	0	14172	0	0.08	nan	14536	0	219	0	0.0	nan	66	0	25	0	18239884
GRCh38 | M301111.lib1	24179996	0	0	0	0	0	0	0	9622	0	0.04	nan	24179996	0	12089998	0	12089998	0	9216	0	0.04	nan	9484	0	138	0	0.0	nan	44	0	34	0	24179996
GRCh38 | M301112.lib1	17511628	0	0	0	0	0	0	0	10165	0	0.06	nan	17511628	0	8755814	0	8755814	0	9706	0	0.06	nan	9988	0	177	0	0.0	nan	14	0	6	0	17511628
GRCh38 | M301113.lib1	9868588	0	0	0	0	0	0	0	5748	0	0.06	nan	9868588	0	4934294	0	4934294	0	5394	0	0.05	nan	5624	0	124	0	0.0	nan	8	0	3	0	9868588
GRCh38 | M301114.lib1	1993444	0	0	0	0	0	0	0	163139	0	8.18	nan	1993444	0	996722	0	996722	0	157904	0	7.92	nan	162326	0	813	0	0.04	nan	360	0	142	0	1993444
GRCh38 | M301115.lib1	33014852	0	0	0	0	0	0	0	20604	0	0.06	nan	33014852	0	16507426	0	16507426	0	19856	0	0.06	nan	20370	0	234	0	0.0	nan	48	0	16	0	33014852
GRCh38 | M301116.lib1	25448012	0	0	0	0	0	0	0	32824	0	0.13	nan	25448012	0	12724006	0	12724006	0	30930	0	0.12	nan	31924	0	900	0	0.0	nan	96	0	42	0	25448012
GRCh38 | M301117.lib1	2808386	0	0	0	0	0	0	0	1189947	0	42.37	nan	2808386	0	1404193	0	1404193	0	1105876	0	39.38	nan	1182144	0	7803	0	0.28	nan	5138	0	1540	0	2808386
GRCh38 | M301118.lib1	19710160	0	0	0	0	0	0	0	6019	0	0.03	nan	19710160	0	9855080	0	9855080	0	5672	0	0.03	nan	5874	0	145	0	0.0	nan	18	0	8	0	19710160
GRCh38 | M301119.lib1	22361214	0	0	0	0	0	0	0	12897	0	0.06	nan	22361214	0	11180607	0	11180607	0	12226	0	0.05	nan	12668	0	229	0	0.0	nan	28	0	10	0	22361214
GRCh38 | M301120.lib1	745930	0	0	0	0	0	0	0	88083	0	11.81	nan	745930	0	372965	0	372965	0	85168	0	11.42	nan	87442	0	641	0	0.09	nan	200	0	64	0	745930
GRCh38 | M301121.lib1	18176344	0	0	0	0	0	0	0	18740	0	0.1	nan	18176344	0	9088172	0	9088172	0	18076	0	0.1	nan	18520	0	220	0	0.0	nan	36	0	14	0	18176344
GRCh38 | M301122.lib1	23608440	0	0	0	0	0	0	0	14689	0	0.06	nan	23608440	0	11804220	0	11804220	0	14226	0	0.06	nan	14480	0	209	0	0.0	nan	18	0	5	0	23608440
GRCh38 | M301123.lib1	1043918	0	0	0	0	0	0	0	95086	0	9.11	nan	1043918	0	521959	0	521959	0	90434	0	8.66	nan	94348	0	738	0	0.07	nan	286	0	68	0	1043918
GRCh38 | M301124.lib1	22477854	0	0	0	0	0	0	0	13127	0	0.06	nan	22477854	0	11238927	0	11238927	0	12674	0	0.06	nan	12942	0	185	0	0.0	nan	18	0	5	0	22477854
GRCh38 | M301125.lib1	64872632	0	0	0	0	0	0	0	156691	0	0.24	nan	64872632	0	32436316	0	32436316	0	145968	0	0.23	nan	150406	0	6285	0	0.01	nan	548	0	272	0	64872632
GRCh38 | M301126.lib1	17351986	0	0	0	0	0	0	0	8474	0	0.05	nan	17351986	0	8675993	0	8675993	0	8080	0	0.05	nan	8314	0	160	0	0.0	nan	22	0	7	0	17351986
GRCh38 | M301127.lib1	372596	0	0	0	0	0	0	0	67604	0	18.14	nan	372596	0	186298	0	186298	0	64266	0	17.25	nan	67218	0	386	0	0.1	nan	186	0	54	0	372596
GRCh38 | M301128.lib1	24525326	0	0	0	0	0	0	0	18358	0	0.07	nan	24525326	0	12262663	0	12262663	0	17588	0	0.07	nan	18088	0	270	0	0.0	nan	22	0	10	0	24525326
GRCh38 | M301129.lib1	8186208	0	0	0	0	0	0	0	47255	0	0.58	nan	8186208	0	4093104	0	4093104	0	45964	0	0.56	nan	46948	0	307	0	0.0	nan	62	0	20	0	8186208
GRCh38 | M301130.lib1	22363008	0	0	0	0	0	0	0	225862	0	1.01	nan	22363008	0	11181504	0	11181504	0	217350	0	0.97	nan	224108	0	1754	0	0.01	nan	554	0	177	0	22363008
GRCh38 | M301131.lib1	17024	0	0	0	0	0	0	0	103	0	0.61	nan	17024	0	8512	0	8512	0	26	0	0.15	nan	26	0	77	0	0.45	nan	0	0	0	0	17024
GRCh38 | M301132.lib1	3477396	0	0	0	0	0	0	0	2856373	0	82.14	nan	3477396	0	1738698	0	1738698	0	2811842	0	80.86	nan	2831268	0	25105	0	0.72	nan	3356	0	1167	0	3477396
GRCh38 | M301133.lib1	25291646	0	0	0	0	0	0	0	11947	0	0.05	nan	25291646	0	12645823	0	12645823	0	11554	0	0.05	nan	11778	0	169	0	0.0	nan	8	0	3	0	25291646
GRCh38 | M301134.lib1	6071172	0	0	0	0	0	0	0	222870	0	3.67	nan	6071172	0	3035586	0	3035586	0	217194	0	3.58	nan	222040	0	830	0	0.01	nan	368	0	179	0	6071172
GRCh38 | M301135.lib1	48168	0	0	0	0	0	0	0	27266	0	56.61	nan	48168	0	24084	0	24084	0	26086	0	54.16	nan	27102	0	164	0	0.34	nan	164	0	60	0	48168
GRCh38 | M301136.lib1	20605770	0	0	0	0	0	0	0	9146	0	0.04	nan	20605770	0	10302885	0	10302885	0	8832	0	0.04	nan	9032	0	114	0	0.0	nan	22	0	8	0	20605770
GRCh38 | M301137.lib1	21492876	0	0	0	0	0	0	0	9683	0	0.05	nan	21492876	0	10746438	0	10746438	0	9432	0	0.04	nan	9558	0	125	0	0.0	nan	14	0	6	0	21492876
GRCh38 | M301138.lib1	3632442	0	0	0	0	0	0	0	269627	0	7.42	nan	3632442	0	1816221	0	1816221	0	260114	0	7.16	nan	268048	0	1579	0	0.04	nan	810	0	311	0	3632442
GRCh38 | M301139.lib1	21747666	0	0	0	0	0	0	0	31120	0	0.14	nan	21747666	0	10873833	0	10873833	0	30320	0	0.14	nan	30854	0	266	0	0.0	nan	64	0	26	0	21747666
GRCh38 | M301140.lib1	7832106	0	0	0	0	0	0	0	89630	0	1.14	nan	7832106	0	3916053	0	3916053	0	86760	0	1.11	nan	89146	0	484	0	0.01	nan	236	0	82	0	7832106
GRCh38 | M301141.lib1	24465516	0	0	0	0	0	0	0	60176	0	0.25	nan	24465516	0	12232758	0	12232758	0	57622	0	0.24	nan	59506	0	670	0	0.0	nan	150	0	44	0	24465516
GRCh38 | M301142.lib1	9633596	0	0	0	0	0	0	0	296781	0	3.08	nan	9633596	0	4816798	0	4816798	0	286904	0	2.98	nan	294962	0	1819	0	0.02	nan	586	0	151	0	9633596
GRCh38 | M301143.lib1	24644642	0	0	0	0	0	0	0	26948	0	0.11	nan	24644642	0	12322321	0	12322321	0	25236	0	0.1	nan	26480	0	468	0	0.0	nan	104	0	27	0	24644642
GRCh38 | M301144.lib1	21367132	0	0	0	0	0	0	0	21746	0	0.1	nan	21367132	0	10683566	0	10683566	0	21108	0	0.1	nan	21558	0	188	0	0.0	nan	38	0	11	0	21367132
GRCh38 | M301145.lib1	695458	0	0	0	0	0	0	0	177137	0	25.47	nan	695458	0	347729	0	347729	0	171728	0	24.69	nan	175230	0	1907	0	0.27	nan	540	0	221	0	695458
GRCh38 | M301146.lib1	19534282	0	0	0	0	0	0	0	3998532	0	20.47	nan	19534282	0	9767141	0	9767141	0	3891764	0	19.92	nan	3966308	0	32224	0	0.16	nan	10004	0	4252	0	19534282
GRCh38 | M301147.lib1	23316	0	0	0	0	0	0	0	14833	0	63.62	nan	23316	0	11658	0	11658	0	14360	0	61.59	nan	14720	0	113	0	0.48	nan	52	0	19	0	23316
GRCh38 | M301148.lib1	5757198	0	0	0	0	0	0	0	36537	0	0.63	nan	5757198	0	2878599	0	2878599	0	35314	0	0.61	nan	36316	0	221	0	0.0	nan	74	0	26	0	5757198
GRCh38 | M301149.lib1	1766584	0	0	0	0	0	0	0	38578	0	2.18	nan	1766584	0	883292	0	883292	0	37564	0	2.13	nan	38248	0	330	0	0.02	nan	52	0	16	0	1766584
GRCh38 | M301150.lib1	286698	0	0	0	0	0	0	0	102142	0	35.63	nan	286698	0	143349	0	143349	0	96840	0	33.78	nan	101340	0	802	0	0.28	nan	320	0	91	0	286698
GRCh38 | M301151.lib1	4691078	0	0	0	0	0	0	0	154635	0	3.3	nan	4691078	0	2345539	0	2345539	0	144934	0	3.09	nan	153498	0	1137	0	0.02	nan	612	0	199	0	4691078
GRCh38 | M301152.lib1	19688404	0	0	0	0	0	0	0	45606	0	0.23	nan	19688404	0	9844202	0	9844202	0	42094	0	0.21	nan	44868	0	738	0	0.0	nan	236	0	93	0	19688404
GRCh38 | M301153.lib1	18672218	0	0	0	0	0	0	0	20607	0	0.11	nan	18672218	0	9336109	0	9336109	0	19870	0	0.11	nan	20440	0	167	0	0.0	nan	42	0	18	0	18672218
GRCh38 | M301154.lib1	20083004	0	0	0	0	0	0	0	27275	0	0.14	nan	20083004	0	10041502	0	10041502	0	26312	0	0.13	nan	27006	0	269	0	0.0	nan	96	0	30	0	20083004
GRCh38 | M301155.lib1	1524852	0	0	0	0	0	0	0	51230	0	3.36	nan	1524852	0	762426	0	762426	0	49572	0	3.25	nan	51022	0	208	0	0.01	nan	164	0	64	0	1524852
GRCh38 | M301156.lib1	404672	0	0	0	0	0	0	0	98731	0	24.4	nan	404672	0	202336	0	202336	0	94520	0	23.36	nan	97814	0	917	0	0.23	nan	232	0	67	0	404672
GRCh38 | M301157.lib1	19254730	0	0	0	0	0	0	0	26402	0	0.14	nan	19254730	0	9627365	0	9627365	0	25634	0	0.13	nan	26222	0	180	0	0.0	nan	78	0	32	0	19254730
GRCh38 | M301158.lib1	12667430	0	0	0	0	0	0	0	46518	0	0.37	nan	12667430	0	6333715	0	6333715	0	44926	0	0.35	nan	46228	0	290	0	0.0	nan	80	0	19	0	12667430
GRCh38 | M301159.lib1	19430698	0	0	0	0	0	0	0	30906	0	0.16	nan	19430698	0	9715349	0	9715349	0	29014	0	0.15	nan	30502	0	404	0	0.0	nan	174	0	51	0	19430698
GRCh38 | M301160.lib1	380610	0	0	0	0	0	0	0	103216	0	27.12	nan	380610	0	190305	0	190305	0	97748	0	25.68	nan	102122	0	1094	0	0.29	nan	356	0	111	0	380610
GRCh38 | M301161.lib1	15092886	0	0	0	0	0	0	0	24608	0	0.16	nan	15092886	0	7546443	0	7546443	0	23814	0	0.16	nan	24396	0	212	0	0.0	nan	44	0	17	0	15092886
GRCh38 | M301162.lib1	31893034	0	0	0	0	0	0	0	26077	0	0.08	nan	31893034	0	15946517	0	15946517	0	25086	0	0.08	nan	25676	0	401	0	0.0	nan	44	0	20	0	31893034
GRCh38 | M301163.lib1	18431340	0	0	0	0	0	0	0	8924	0	0.05	nan	18431340	0	9215670	0	9215670	0	7970	0	0.04	nan	8124	0	800	0	0.0	nan	24	0	7	0	18431340
GRCh38 | M301164.lib1	24610210	0	0	0	0	0	0	0	19752	0	0.08	nan	24610210	0	12305105	0	12305105	0	19142	0	0.08	nan	19552	0	200	0	0.0	nan	36	0	14	0	24610210
GRCh38 | M301165.lib1	982582	0	0	0	0	0	0	0	68884	0	7.01	nan	982582	0	491291	0	491291	0	66924	0	6.81	nan	68604	0	280	0	0.03	nan	100	0	47	0	982582
GRCh38 | M301166.lib1	16471762	0	0	0	0	0	0	0	23315	0	0.14	nan	16471762	0	8235881	0	8235881	0	21942	0	0.13	nan	22552	0	763	0	0.0	nan	76	0	18	0	16471762
GRCh38 | M301167.lib1	261990	0	0	0	0	0	0	0	100112	0	38.21	nan	261990	0	130995	0	130995	0	97198	0	37.1	nan	99592	0	520	0	0.2	nan	136	0	27	0	261990
GRCh38 | M301168.lib1	23221920	0	0	0	0	0	0	0	36424	0	0.16	nan	23221920	0	11610960	0	11610960	0	34260	0	0.15	nan	36026	0	398	0	0.0	nan	118	0	61	0	23221920
GRCh38 | M301169.lib1	17093738	0	0	0	0	0	0	0	20659	0	0.12	nan	17093738	0	8546869	0	8546869	0	20148	0	0.12	nan	20428	0	231	0	0.0	nan	26	0	11	0	17093738
GRCh38 | M301170.lib1	373412	0	0	0	0	0	0	0	87141	0	23.34	nan	373412	0	186706	0	186706	0	84626	0	22.66	nan	86798	0	343	0	0.09	nan	160	0	66	0	373412
GRCh38 | M301171.lib1	6248182	0	0	0	0	0	0	0	11708	0	0.19	nan	6248182	0	3124091	0	3124091	0	11666	0	0.19	nan	11674	0	34	0	0.0	nan	2	0	1	0	6248182
GRCh38 | M301172.lib1	18399186	0	0	0	0	0	0	0	21222	0	0.12	nan	18399186	0	9199593	0	9199593	0	20374	0	0.11	nan	20984	0	238	0	0.0	nan	68	0	18	0	18399186
GRCh38 | M301173.lib1	19368836	0	0	0	0	0	0	0	36068	0	0.19	nan	19368836	0	9684418	0	9684418	0	34520	0	0.18	nan	35594	0	474	0	0.0	nan	78	0	15	0	19368836
GRCh38 | M301174.lib1	645676	0	0	0	0	0	0	0	239286	0	37.06	nan	645676	0	322838	0	322838	0	229744	0	35.58	nan	237718	0	1568	0	0.24	nan	582	0	223	0	645676
GRCh38 | M301175.lib1	1368268	0	0	0	0	0	0	0	101459	0	7.42	nan	1368268	0	684134	0	684134	0	96802	0	7.07	nan	100678	0	781	0	0.06	nan	292	0	93	0	1368268
GRCh38 | M301176.lib1	22582	0	0	0	0	0	0	0	12715	0	56.31	nan	22582	0	11291	0	11291	0	12098	0	53.57	nan	12612	0	103	0	0.46	nan	50	0	18	0	22582
GRCh38 | M301177.lib1	20615772	0	0	0	0	0	0	0	27592	0	0.13	nan	20615772	0	10307886	0	10307886	0	26622	0	0.13	nan	27220	0	372	0	0.0	nan	40	0	8	0	20615772
GRCh38 | M301178.lib1	15977260	0	0	0	0	0	0	0	50068	0	0.31	nan	15977260	0	7988630	0	7988630	0	48556	0	0.3	nan	49730	0	338	0	0.0	nan	84	0	27	0	15977260
GRCh38 | M301179.lib1	21945718	0	0	0	0	0	0	0	6754	0	0.03	nan	21945718	0	10972859	0	10972859	0	6454	0	0.03	nan	6632	0	122	0	0.0	nan	10	0	5	0	21945718
GRCh38 | M301180.lib1	230450	0	0	0	0	0	0	0	85547	0	37.12	nan	230450	0	115225	0	115225	0	83258	0	36.13	nan	85224	0	323	0	0.14	nan	120	0	51	0	230450
GRCh38 | M301181.lib1	26188474	0	0	0	0	0	0	0	21706	0	0.08	nan	26188474	0	13094237	0	13094237	0	20940	0	0.08	nan	21408	0	298	0	0.0	nan	42	0	10	0	26188474
GRCh38 | M301182.lib1	21139854	0	0	0	0	0	0	0	22503	0	0.11	nan	21139854	0	10569927	0	10569927	0	21778	0	0.1	nan	22284	0	219	0	0.0	nan	36	0	8	0	21139854
GRCh38 | M301183.lib1	310164	0	0	0	0	0	0	0	82009	0	26.44	nan	310164	0	155082	0	155082	0	79440	0	25.61	nan	81752	0	257	0	0.08	nan	130	0	39	0	310164
GRCh38 | M301184.lib1	26058968	0	0	0	0	0	0	0	18348	0	0.07	nan	26058968	0	13029484	0	13029484	0	17596	0	0.07	nan	18190	0	158	0	0.0	nan	34	0	11	0	26058968
GRCh38 | M301185.lib1	17279754	0	0	0	0	0	0	0	43249	0	0.25	nan	17279754	0	8639877	0	8639877	0	41800	0	0.24	nan	42886	0	363	0	0.0	nan	90	0	25	0	17279754
Sscrofa11.1 | M300800.lib1	236504	0	0	0	0	0	0	0	20	0	0.01	nan	236504	0	118252	0	118252	0	14	0	0.01	nan	14	0	6	0	0.0	nan	0	0	0	0	236504
Sscrofa11.1 | M300801.lib1	16500332	0	0	0	0	0	0	0	434	0	0.0	nan	16500332	0	8250166	0	8250166	0	12	0	0.0	nan	12	0	422	0	0.0	nan	0	0	0	0	16500332
Sscrofa11.1 | M300803.lib1	15022382	0	0	0	0	0	0	0	192	0	0.0	nan	15022382	0	7511191	0	7511191	0	6	0	0.0	nan	6	0	186	0	0.0	nan	0	0	0	0	15022382
Sscrofa11.1 | M300804.lib1	2564070	0	0	0	0	0	0	0	46	0	0.0	nan	2564070	0	1282035	0	1282035	0	0	0	0.0	nan	0	0	46	0	0.0	nan	0	0	0	0	2564070
Sscrofa11.1 | M300805.lib1	405104	0	0	0	0	0	0	0	78	0	0.02	nan	405104	0	202552	0	202552	0	66	0	0.02	nan	66	0	12	0	0.0	nan	0	0	0	0	405104
Sscrofa11.1 | M300806.lib1	14729528	0	0	0	0	0	0	0	231	0	0.0	nan	14729528	0	7364764	0	7364764	0	4	0	0.0	nan	4	0	227	0	0.0	nan	0	0	0	0	14729528
Sscrofa11.1 | M300807.lib1	12849140	0	0	0	0	0	0	0	337	0	0.0	nan	12849140	0	6424570	0	6424570	0	140	0	0.0	nan	140	0	197	0	0.0	nan	0	0	0	0	12849140
Sscrofa11.1 | M300808.lib1	8359798	0	0	0	0	0	0	0	185	0	0.0	nan	8359798	0	4179899	0	4179899	0	10	0	0.0	nan	10	0	175	0	0.0	nan	0	0	0	0	8359798
Sscrofa11.1 | M300809.lib1	20883550	0	0	0	0	0	0	0	309	0	0.0	nan	20883550	0	10441775	0	10441775	0	8	0	0.0	nan	10	0	299	0	0.0	nan	0	0	0	0	20883550
Sscrofa11.1 | M300810.lib1	12450568	0	0	0	0	0	0	0	242	0	0.0	nan	12450568	0	6225284	0	6225284	0	16	0	0.0	nan	16	0	226	0	0.0	nan	0	0	0	0	12450568
Sscrofa11.1 | M300811.lib1	16400348	0	0	0	0	0	0	0	177	0	0.0	nan	16400348	0	8200174	0	8200174	0	34	0	0.0	nan	34	0	143	0	0.0	nan	0	0	0	0	16400348
Sscrofa11.1 | M300812.lib1	3288	0	0	0	0	0	0	0	1	0	0.03	nan	3288	0	1644	0	1644	0	0	0	0.0	nan	0	0	1	0	0.03	nan	0	0	0	0	3288
Sscrofa11.1 | M300813.lib1	615680	0	0	0	0	0	0	0	624	0	0.1	nan	615680	0	307840	0	307840	0	574	0	0.09	nan	574	0	50	0	0.01	nan	0	0	0	0	615680
Sscrofa11.1 | M300814.lib1	14617962	0	0	0	0	0	0	0	198	0	0.0	nan	14617962	0	7308981	0	7308981	0	0	0	0.0	nan	0	0	198	0	0.0	nan	0	0	0	0	14617962
Sscrofa11.1 | M300815.lib1	12292858	0	0	0	0	0	0	0	221	0	0.0	nan	12292858	0	6146429	0	6146429	0	8	0	0.0	nan	8	0	213	0	0.0	nan	0	0	0	0	12292858
Sscrofa11.1 | M300816.lib1	18211794	0	0	0	0	0	0	0	209	0	0.0	nan	18211794	0	9105897	0	9105897	0	12	0	0.0	nan	16	0	193	0	0.0	nan	0	0	0	0	18211794
Sscrofa11.1 | M300817.lib1	1030140	0	0	0	0	0	0	0	94	0	0.01	nan	1030140	0	515070	0	515070	0	74	0	0.01	nan	74	0	20	0	0.0	nan	0	0	0	0	1030140
Sscrofa11.1 | M300818.lib1	18232920	0	0	0	0	0	0	0	411	0	0.0	nan	18232920	0	9116460	0	9116460	0	12	0	0.0	nan	12	0	399	0	0.0	nan	0	0	0	0	18232920
Sscrofa11.1 | M300819.lib1	11806508	0	0	0	0	0	0	0	225	0	0.0	nan	11806508	0	5903254	0	5903254	0	24	0	0.0	nan	24	0	201	0	0.0	nan	0	0	0	0	11806508
Sscrofa11.1 | M300820.lib1	11936572	0	0	0	0	0	0	0	107	0	0.0	nan	11936572	0	5968286	0	5968286	0	12	0	0.0	nan	12	0	95	0	0.0	nan	0	0	0	0	11936572
Sscrofa11.1 | M300821.lib1	14521462	0	0	0	0	0	0	0	305	0	0.0	nan	14521462	0	7260731	0	7260731	0	42	0	0.0	nan	42	0	263	0	0.0	nan	0	0	0	0	14521462
Sscrofa11.1 | M300822.lib1	14580880	0	0	0	0	0	0	0	169	0	0.0	nan	14580880	0	7290440	0	7290440	0	4	0	0.0	nan	4	0	165	0	0.0	nan	0	0	0	0	14580880
Sscrofa11.1 | M300823.lib1	2185552	0	0	0	0	0	0	0	297	0	0.01	nan	2185552	0	1092776	0	1092776	0	126	0	0.01	nan	156	0	141	0	0.01	nan	0	0	0	0	2185552
Sscrofa11.1 | M300824.lib1	11074300	0	0	0	0	0	0	0	187	0	0.0	nan	11074300	0	5537150	0	5537150	0	10	0	0.0	nan	10	0	177	0	0.0	nan	0	0	0	0	11074300
Sscrofa11.1 | M300825.lib1	10643298	0	0	0	0	0	0	0	93	0	0.0	nan	10643298	0	5321649	0	5321649	0	4	0	0.0	nan	4	0	89	0	0.0	nan	0	0	0	0	10643298
Sscrofa11.1 | M300826.lib1	137766	0	0	0	0	0	0	0	105	0	0.08	nan	137766	0	68883	0	68883	0	94	0	0.07	nan	94	0	11	0	0.01	nan	0	0	0	0	137766
Sscrofa11.1 | M300827.lib1	4961538	0	0	0	0	0	0	0	65	0	0.0	nan	4961538	0	2480769	0	2480769	0	4	0	0.0	nan	4	0	61	0	0.0	nan	0	0	0	0	4961538
Sscrofa11.1 | M300828.lib1	9477514	0	0	0	0	0	0	0	288	0	0.0	nan	9477514	0	4738757	0	4738757	0	2	0	0.0	nan	2	0	286	0	0.0	nan	0	0	0	0	9477514
Sscrofa11.1 | M300829.lib1	11447848	0	0	0	0	0	0	0	173	0	0.0	nan	11447848	0	5723924	0	5723924	0	4	0	0.0	nan	4	0	169	0	0.0	nan	0	0	0	0	11447848
Sscrofa11.1 | M300830.lib1	380094	0	0	0	0	0	0	0	258	0	0.07	nan	380094	0	190047	0	190047	0	246	0	0.06	nan	246	0	12	0	0.0	nan	0	0	0	0	380094
Sscrofa11.1 | M300831.lib1	14494600	0	0	0	0	0	0	0	111	0	0.0	nan	14494600	0	7247300	0	7247300	0	0	0	0.0	nan	0	0	111	0	0.0	nan	0	0	0	0	14494600
Sscrofa11.1 | M300832.lib1	222944	0	0	0	0	0	0	0	149	0	0.07	nan	222944	0	111472	0	111472	0	132	0	0.06	nan	132	0	17	0	0.01	nan	0	0	0	0	222944
Sscrofa11.1 | M300833.lib1	7747774	0	0	0	0	0	0	0	147	0	0.0	nan	7747774	0	3873887	0	3873887	0	38	0	0.0	nan	40	0	107	0	0.0	nan	0	0	0	0	7747774
Sscrofa11.1 | M300834.lib1	11673220	0	0	0	0	0	0	0	158	0	0.0	nan	11673220	0	5836610	0	5836610	0	2	0	0.0	nan	4	0	154	0	0.0	nan	0	0	0	0	11673220
Sscrofa11.1 | M300835.lib1	12225530	0	0	0	0	0	0	0	307	0	0.0	nan	12225530	0	6112765	0	6112765	0	8	0	0.0	nan	8	0	299	0	0.0	nan	0	0	0	0	12225530
Sscrofa11.1 | M300836.lib1	17665096	0	0	0	0	0	0	0	184	0	0.0	nan	17665096	0	8832548	0	8832548	0	32	0	0.0	nan	32	0	152	0	0.0	nan	0	0	0	0	17665096
Sscrofa11.1 | M300837.lib1	9304960	0	0	0	0	0	0	0	122	0	0.0	nan	9304960	0	4652480	0	4652480	0	22	0	0.0	nan	26	0	96	0	0.0	nan	0	0	0	0	9304960
Sscrofa11.1 | M300838.lib1	278	0	0	0	0	0	0	0	0	0	0.0	nan	278	0	139	0	139	0	0	0	0.0	nan	0	0	0	0	0.0	nan	0	0	0	0	278
Sscrofa11.1 | M300839.lib1	8378262	0	0	0	0	0	0	0	411	0	0.0	nan	8378262	0	4189131	0	4189131	0	180	0	0.0	nan	180	0	231	0	0.0	nan	0	0	0	0	8378262
Sscrofa11.1 | M300840.lib1	9067972	0	0	0	0	0	0	0	119	0	0.0	nan	9067972	0	4533986	0	4533986	0	6	0	0.0	nan	6	0	113	0	0.0	nan	0	0	0	0	9067972
Sscrofa11.1 | M300841.lib1	433982	0	0	0	0	0	0	0	285	0	0.07	nan	433982	0	216991	0	216991	0	280	0	0.06	nan	280	0	5	0	0.0	nan	0	0	0	0	433982
Sscrofa11.1 | M300886.lib1	10126854	0	0	0	0	0	0	0	182	0	0.0	nan	10126854	0	5063427	0	5063427	0	10	0	0.0	nan	10	0	172	0	0.0	nan	0	0	0	0	10126854
Sscrofa11.1 | M301037.lib1	8933158	0	0	0	0	0	0	0	242	0	0.0	nan	8933158	0	4466579	0	4466579	0	2	0	0.0	nan	4	0	238	0	0.0	nan	0	0	0	0	8933158
Sscrofa11.1 | M301038.lib1	30056052	0	0	0	0	0	0	0	717	0	0.0	nan	30056052	0	15028026	0	15028026	0	4	0	0.0	nan	4	0	713	0	0.0	nan	0	0	0	0	30056052
Sscrofa11.1 | M301039.lib1	13618596	0	0	0	0	0	0	0	194	0	0.0	nan	13618596	0	6809298	0	6809298	0	2	0	0.0	nan	2	0	192	0	0.0	nan	0	0	0	0	13618596
Sscrofa11.1 | M301040.lib1	513666	0	0	0	0	0	0	0	136	0	0.03	nan	513666	0	256833	0	256833	0	114	0	0.02	nan	130	0	6	0	0.0	nan	0	0	0	0	513666
Sscrofa11.1 | M301041.lib1	18277716	0	0	0	0	0	0	0	186	0	0.0	nan	18277716	0	9138858	0	9138858	0	42	0	0.0	nan	42	0	144	0	0.0	nan	0	0	0	0	18277716
Sscrofa11.1 | M301042.lib1	17407780	0	0	0	0	0	0	0	664	0	0.0	nan	17407780	0	8703890	0	8703890	0	366	0	0.0	nan	370	0	294	0	0.0	nan	0	0	0	0	17407780
Sscrofa11.1 | M301043.lib1	420370	0	0	0	0	0	0	0	789	0	0.19	nan	420370	0	210185	0	210185	0	754	0	0.18	nan	762	0	27	0	0.01	nan	0	0	0	0	420370
Sscrofa11.1 | M301044.lib1	11194706	0	0	0	0	0	0	0	2025	0	0.02	nan	11194706	0	5597353	0	5597353	0	1600	0	0.01	nan	1618	0	407	0	0.0	nan	0	0	0	0	11194706
Sscrofa11.1 | M301045.lib1	16095888	0	0	0	0	0	0	0	388	0	0.0	nan	16095888	0	8047944	0	8047944	0	110	0	0.0	nan	110	0	278	0	0.0	nan	0	0	0	0	16095888
Sscrofa11.1 | M301046.lib1	16876412	0	0	0	0	0	0	0	470	0	0.0	nan	16876412	0	8438206	0	8438206	0	38	0	0.0	nan	38	0	432	0	0.0	nan	0	0	0	0	16876412
Sscrofa11.1 | M301047.lib1	1306136	0	0	0	0	0	0	0	207	0	0.02	nan	1306136	0	653068	0	653068	0	172	0	0.01	nan	172	0	35	0	0.0	nan	0	0	0	0	1306136
Sscrofa11.1 | M301048.lib1	8370438	0	0	0	0	0	0	0	319	0	0.0	nan	8370438	0	4185219	0	4185219	0	50	0	0.0	nan	50	0	269	0	0.0	nan	0	0	0	0	8370438
Sscrofa11.1 | M301049.lib1	13508500	0	0	0	0	0	0	0	753	0	0.01	nan	13508500	0	6754250	0	6754250	0	0	0	0.0	nan	0	0	753	0	0.01	nan	0	0	0	0	13508500
Sscrofa11.1 | M301050.lib1	14399104	0	0	0	0	0	0	0	324	0	0.0	nan	14399104	0	7199552	0	7199552	0	56	0	0.0	nan	58	0	266	0	0.0	nan	2	0	0	0	14399104
Sscrofa11.1 | M301051.lib1	13140122	0	0	0	0	0	0	0	418	0	0.0	nan	13140122	0	6570061	0	6570061	0	60	0	0.0	nan	62	0	356	0	0.0	nan	0	0	0	0	13140122
Sscrofa11.1 | M301052.lib1	12183954	0	0	0	0	0	0	0	371	0	0.0	nan	12183954	0	6091977	0	6091977	0	14	0	0.0	nan	16	0	355	0	0.0	nan	0	0	0	0	12183954
Sscrofa11.1 | M301053.lib1	162562	0	0	0	0	0	0	0	59	0	0.04	nan	162562	0	81281	0	81281	0	34	0	0.02	nan	52	0	7	0	0.0	nan	0	0	0	0	162562
Sscrofa11.1 | M301054.lib1	12971852	0	0	0	0	0	0	0	437	0	0.0	nan	12971852	0	6485926	0	6485926	0	12	0	0.0	nan	14	0	423	0	0.0	nan	0	0	0	0	12971852
Sscrofa11.1 | M301055.lib1	282436	0	0	0	0	0	0	0	1807	0	0.64	nan	282436	0	141218	0	141218	0	0	0	0.0	nan	0	0	1807	0	0.64	nan	0	0	0	0	282436
Sscrofa11.1 | M301056.lib1	345940	0	0	0	0	0	0	0	43	0	0.01	nan	345940	0	172970	0	172970	0	38	0	0.01	nan	38	0	5	0	0.0	nan	0	0	0	0	345940
Sscrofa11.1 | M301057.lib1	13699768	0	0	0	0	0	0	0	396	0	0.0	nan	13699768	0	6849884	0	6849884	0	8	0	0.0	nan	8	0	388	0	0.0	nan	0	0	0	0	13699768
Sscrofa11.1 | M301058.lib1	16521932	0	0	0	0	0	0	0	325	0	0.0	nan	16521932	0	8260966	0	8260966	0	8	0	0.0	nan	8	0	317	0	0.0	nan	0	0	0	0	16521932
Sscrofa11.1 | M301059.lib1	12395126	0	0	0	0	0	0	0	314	0	0.0	nan	12395126	0	6197563	0	6197563	0	16	0	0.0	nan	18	0	296	0	0.0	nan	0	0	0	0	12395126
Sscrofa11.1 | M301060.lib1	12364412	0	0	0	0	0	0	0	318	0	0.0	nan	12364412	0	6182206	0	6182206	0	64	0	0.0	nan	74	0	244	0	0.0	nan	6	0	5	0	12364412
Sscrofa11.1 | M301061.lib1	4468	0	0	0	0	0	0	0	1	0	0.02	nan	4468	0	2234	0	2234	0	0	0	0.0	nan	0	0	1	0	0.02	nan	0	0	0	0	4468
Sscrofa11.1 | M301062.lib1	697262	0	0	0	0	0	0	0	49	0	0.01	nan	697262	0	348631	0	348631	0	34	0	0.0	nan	34	0	15	0	0.0	nan	0	0	0	0	697262
Sscrofa11.1 | M301063.lib1	18426206	0	0	0	0	0	0	0	285	0	0.0	nan	18426206	0	9213103	0	9213103	0	110	0	0.0	nan	110	0	175	0	0.0	nan	0	0	0	0	18426206
Sscrofa11.1 | M301064.lib1	6261764	0	0	0	0	0	0	0	4935	0	0.08	nan	6261764	0	3130882	0	3130882	0	4472	0	0.07	nan	4718	0	217	0	0.0	nan	6	0	2	0	6261764
Sscrofa11.1 | M301065.lib1	15049632	0	0	0	0	0	0	0	357	0	0.0	nan	15049632	0	7524816	0	7524816	0	8	0	0.0	nan	8	0	349	0	0.0	nan	0	0	0	0	15049632
Sscrofa11.1 | M301066.lib1	8200400	0	0	0	0	0	0	0	162	0	0.0	nan	8200400	0	4100200	0	4100200	0	0	0	0.0	nan	0	0	162	0	0.0	nan	0	0	0	0	8200400
Sscrofa11.1 | M301067.lib1	188834	0	0	0	0	0	0	0	91	0	0.05	nan	188834	0	94417	0	94417	0	86	0	0.05	nan	86	0	5	0	0.0	nan	0	0	0	0	188834
Sscrofa11.1 | M301068.lib1	13892306	0	0	0	0	0	0	0	473	0	0.0	nan	13892306	0	6946153	0	6946153	0	6	0	0.0	nan	6	0	467	0	0.0	nan	0	0	0	0	13892306
Sscrofa11.1 | M301069.lib1	12956856	0	0	0	0	0	0	0	290	0	0.0	nan	12956856	0	6478428	0	6478428	0	8	0	0.0	nan	8	0	282	0	0.0	nan	0	0	0	0	12956856
Sscrofa11.1 | M301070.lib1	13117198	0	0	0	0	0	0	0	441	0	0.0	nan	13117198	0	6558599	0	6558599	0	80	0	0.0	nan	84	0	357	0	0.0	nan	0	0	0	0	13117198
Sscrofa11.1 | M301071.lib1	294020	0	0	0	0	0	0	0	114	0	0.04	nan	294020	0	147010	0	147010	0	96	0	0.03	nan	96	0	18	0	0.01	nan	0	0	0	0	294020
Sscrofa11.1 | M301072.lib1	9280544	0	0	0	0	0	0	0	65	0	0.0	nan	9280544	0	4640272	0	4640272	0	2	0	0.0	nan	2	0	63	0	0.0	nan	0	0	0	0	9280544
Sscrofa11.1 | M301073.lib1	13602876	0	0	0	0	0	0	0	401	0	0.0	nan	13602876	0	6801438	0	6801438	0	2	0	0.0	nan	2	0	399	0	0.0	nan	0	0	0	0	13602876
Sscrofa11.1 | M301074.lib1	44386	0	0	0	0	0	0	0	69	0	0.16	nan	44386	0	22193	0	22193	0	60	0	0.14	nan	62	0	7	0	0.02	nan	0	0	0	0	44386
Sscrofa11.1 | M301075.lib1	12975462	0	0	0	0	0	0	0	415	0	0.0	nan	12975462	0	6487731	0	6487731	0	6	0	0.0	nan	8	0	407	0	0.0	nan	0	0	0	0	12975462
Sscrofa11.1 | M301076.lib1	9437914	0	0	0	0	0	0	0	226	0	0.0	nan	9437914	0	4718957	0	4718957	0	0	0	0.0	nan	0	0	226	0	0.0	nan	0	0	0	0	9437914
Sscrofa11.1 | M301077.lib1	11401584	0	0	0	0	0	0	0	278	0	0.0	nan	11401584	0	5700792	0	5700792	0	30	0	0.0	nan	30	0	248	0	0.0	nan	0	0	0	0	11401584
Sscrofa11.1 | M301078.lib1	129152	0	0	0	0	0	0	0	112	0	0.09	nan	129152	0	64576	0	64576	0	106	0	0.08	nan	106	0	6	0	0.0	nan	0	0	0	0	129152
Sscrofa11.1 | M301079.lib1	12298146	0	0	0	0	0	0	0	350	0	0.0	nan	12298146	0	6149073	0	6149073	0	12	0	0.0	nan	12	0	338	0	0.0	nan	0	0	0	0	12298146
Sscrofa11.1 | M301080.lib1	14754256	0	0	0	0	0	0	0	437	0	0.0	nan	14754256	0	7377128	0	7377128	0	10	0	0.0	nan	10	0	427	0	0.0	nan	0	0	0	0	14754256
Sscrofa11.1 | M301081.lib1	17833888	0	0	0	0	0	0	0	350	0	0.0	nan	17833888	0	8916944	0	8916944	0	0	0	0.0	nan	0	0	350	0	0.0	nan	0	0	0	0	17833888
Sscrofa11.1 | M301082.lib1	12211550	0	0	0	0	0	0	0	181	0	0.0	nan	12211550	0	6105775	0	6105775	0	6	0	0.0	nan	6	0	175	0	0.0	nan	0	0	0	0	12211550
Sscrofa11.1 | M301083.lib1	40986	0	0	0	0	0	0	0	18	0	0.04	nan	40986	0	20493	0	20493	0	18	0	0.04	nan	18	0	0	0	0.0	nan	0	0	0	0	40986
Sscrofa11.1 | M301084.lib1	12125504	0	0	0	0	0	0	0	397	0	0.0	nan	12125504	0	6062752	0	6062752	0	2	0	0.0	nan	10	0	387	0	0.0	nan	0	0	0	0	12125504
Sscrofa11.1 | M301085.lib1	16916702	0	0	0	0	0	0	0	309	0	0.0	nan	16916702	0	8458351	0	8458351	0	4	0	0.0	nan	4	0	305	0	0.0	nan	0	0	0	0	16916702
Sscrofa11.1 | M301086.lib1	1865540	0	0	0	0	0	0	0	38	0	0.0	nan	1865540	0	932770	0	932770	0	2	0	0.0	nan	2	0	36	0	0.0	nan	0	0	0	0	1865540
Sscrofa11.1 | M301087.lib1	14318500	0	0	0	0	0	0	0	582	0	0.0	nan	14318500	0	7159250	0	7159250	0	304	0	0.0	nan	306	0	276	0	0.0	nan	2	0	0	0	14318500
Sscrofa11.1 | M301089.lib1	14602696	0	0	0	0	0	0	0	524	0	0.0	nan	14602696	0	7301348	0	7301348	0	4	0	0.0	nan	4	0	520	0	0.0	nan	0	0	0	0	14602696
Sscrofa11.1 | M301090.lib1	2295146	0	0	0	0	0	0	0	16662	0	0.73	nan	2295146	0	1147573	0	1147573	0	12842	0	0.56	nan	14330	0	2332	0	0.1	nan	904	0	500	0	2295146
Sscrofa11.1 | M301091.lib1	978126	0	0	0	0	0	0	0	59	0	0.01	nan	978126	0	489063	0	489063	0	26	0	0.0	nan	26	0	33	0	0.0	nan	0	0	0	0	978126
Sscrofa11.1 | M301092.lib1	23481050	0	0	0	0	0	0	0	416	0	0.0	nan	23481050	0	11740525	0	11740525	0	20	0	0.0	nan	22	0	394	0	0.0	nan	0	0	0	0	23481050
Sscrofa11.1 | M301093.lib1	21974104	0	0	0	0	0	0	0	489	0	0.0	nan	21974104	0	10987052	0	10987052	0	14	0	0.0	nan	14	0	475	0	0.0	nan	0	0	0	0	21974104
Sscrofa11.1 | M301094.lib1	23088640	0	0	0	0	0	0	0	463	0	0.0	nan	23088640	0	11544320	0	11544320	0	18	0	0.0	nan	18	0	445	0	0.0	nan	0	0	0	0	23088640
Sscrofa11.1 | M301095.lib1	17846308	0	0	0	0	0	0	0	447	0	0.0	nan	17846308	0	8923154	0	8923154	0	24	0	0.0	nan	24	0	423	0	0.0	nan	0	0	0	0	17846308
Sscrofa11.1 | M301096.lib1	86102	0	0	0	0	0	0	0	57	0	0.07	nan	86102	0	43051	0	43051	0	56	0	0.07	nan	56	0	1	0	0.0	nan	0	0	0	0	86102
Sscrofa11.1 | M301097.lib1	17715628	0	0	0	0	0	0	0	656	0	0.0	nan	17715628	0	8857814	0	8857814	0	182	0	0.0	nan	182	0	474	0	0.0	nan	0	0	0	0	17715628
Sscrofa11.1 | M301098.lib1	2494088	0	0	0	0	0	0	0	340	0	0.01	nan	2494088	0	1247044	0	1247044	0	244	0	0.01	nan	258	0	82	0	0.0	nan	0	0	0	0	2494088
Sscrofa11.1 | M301099.lib1	24948110	0	0	0	0	0	0	0	1503	0	0.01	nan	24948110	0	12474055	0	12474055	0	648	0	0.0	nan	652	0	851	0	0.0	nan	0	0	0	0	24948110
Sscrofa11.1 | M301100.lib1	1097830	0	0	0	0	0	0	0	517	0	0.05	nan	1097830	0	548915	0	548915	0	438	0	0.04	nan	450	0	67	0	0.01	nan	0	0	0	0	1097830
Sscrofa11.1 | M301101.lib1	9055820	0	0	0	0	0	0	0	322	0	0.0	nan	9055820	0	4527910	0	4527910	0	44	0	0.0	nan	46	0	276	0	0.0	nan	0	0	0	0	9055820
Sscrofa11.1 | M301102.lib1	30966048	0	0	0	0	0	0	0	621	0	0.0	nan	30966048	0	15483024	0	15483024	0	6	0	0.0	nan	6	0	615	0	0.0	nan	0	0	0	0	30966048
Sscrofa11.1 | M301103.lib1	29692874	0	0	0	0	0	0	0	792	0	0.0	nan	29692874	0	14846437	0	14846437	0	14	0	0.0	nan	14	0	778	0	0.0	nan	0	0	0	0	29692874
Sscrofa11.1 | M301104.lib1	25197710	0	0	0	0	0	0	0	584	0	0.0	nan	25197710	0	12598855	0	12598855	0	24	0	0.0	nan	24	0	560	0	0.0	nan	0	0	0	0	25197710
Sscrofa11.1 | M301105.lib1	1412402	0	0	0	0	0	0	0	160	0	0.01	nan	1412402	0	706201	0	706201	0	92	0	0.01	nan	96	0	64	0	0.0	nan	0	0	0	0	1412402
Sscrofa11.1 | M301106.lib1	160448	0	0	0	0	0	0	0	182	0	0.11	nan	160448	0	80224	0	80224	0	150	0	0.09	nan	150	0	32	0	0.02	nan	0	0	0	0	160448
Sscrofa11.1 | M301107.lib1	22990192	0	0	0	0	0	0	0	571	0	0.0	nan	22990192	0	11495096	0	11495096	0	106	0	0.0	nan	112	0	459	0	0.0	nan	0	0	0	0	22990192
Sscrofa11.1 | M301108.lib1	3134	0	0	0	0	0	0	0	0	0	0.0	nan	3134	0	1567	0	1567	0	0	0	0.0	nan	0	0	0	0	0.0	nan	0	0	0	0	3134
Sscrofa11.1 | M301109.lib1	20636504	0	0	0	0	0	0	0	453	0	0.0	nan	20636504	0	10318252	0	10318252	0	12	0	0.0	nan	14	0	439	0	0.0	nan	0	0	0	0	20636504
Sscrofa11.1 | M301110.lib1	18160664	0	0	0	0	0	0	0	488	0	0.0	nan	18160664	0	9080332	0	9080332	0	42	0	0.0	nan	42	0	446	0	0.0	nan	0	0	0	0	18160664
Sscrofa11.1 | M301111.lib1	24159328	0	0	0	0	0	0	0	694	0	0.0	nan	24159328	0	12079664	0	12079664	0	8	0	0.0	nan	8	0	686	0	0.0	nan	0	0	0	0	24159328
Sscrofa11.1 | M301112.lib1	17460662	0	0	0	0	0	0	0	609	0	0.0	nan	17460662	0	8730331	0	8730331	0	20	0	0.0	nan	22	0	587	0	0.0	nan	0	0	0	0	17460662
Sscrofa11.1 | M301113.lib1	9858638	0	0	0	0	0	0	0	565	0	0.01	nan	9858638	0	4929319	0	4929319	0	2	0	0.0	nan	4	0	561	0	0.01	nan	2	0	2	0	9858638
Sscrofa11.1 | M301114.lib1	1714078	0	0	0	0	0	0	0	140	0	0.01	nan	1714078	0	857039	0	857039	0	82	0	0.0	nan	82	0	58	0	0.0	nan	0	0	0	0	1714078
Sscrofa11.1 | M301115.lib1	32987136	0	0	0	0	0	0	0	862	0	0.0	nan	32987136	0	16493568	0	16493568	0	14	0	0.0	nan	14	0	848	0	0.0	nan	0	0	0	0	32987136
Sscrofa11.1 | M301116.lib1	25403758	0	0	0	0	0	0	0	1079	0	0.0	nan	25403758	0	12701879	0	12701879	0	194	0	0.0	nan	194	0	885	0	0.0	nan	0	0	0	0	25403758
Sscrofa11.1 | M301117.lib1	1593558	0	0	0	0	0	0	0	250	0	0.02	nan	1593558	0	796779	0	796779	0	198	0	0.01	nan	198	0	52	0	0.0	nan	0	0	0	0	1593558
Sscrofa11.1 | M301118.lib1	19699496	0	0	0	0	0	0	0	659	0	0.0	nan	19699496	0	9849748	0	9849748	0	22	0	0.0	nan	22	0	637	0	0.0	nan	0	0	0	0	19699496
Sscrofa11.1 | M301119.lib1	22340562	0	0	0	0	0	0	0	548	0	0.0	nan	22340562	0	11170281	0	11170281	0	10	0	0.0	nan	10	0	538	0	0.0	nan	0	0	0	0	22340562
Sscrofa11.1 | M301120.lib1	299308	0	0	0	0	0	0	0	63	0	0.02	nan	299308	0	149654	0	149654	0	54	0	0.02	nan	54	0	9	0	0.0	nan	0	0	0	0	299308
Sscrofa11.1 | M301121.lib1	18151448	0	0	0	0	0	0	0	760	0	0.0	nan	18151448	0	9075724	0	9075724	0	6	0	0.0	nan	8	0	752	0	0.0	nan	0	0	0	0	18151448
Sscrofa11.1 | M301122.lib1	23553662	0	0	0	0	0	0	0	567	0	0.0	nan	23553662	0	11776831	0	11776831	0	30	0	0.0	nan	30	0	537	0	0.0	nan	0	0	0	0	23553662
Sscrofa11.1 | M301123.lib1	939064	0	0	0	0	0	0	0	97	0	0.01	nan	939064	0	469532	0	469532	0	76	0	0.01	nan	76	0	21	0	0.0	nan	0	0	0	0	939064
Sscrofa11.1 | M301124.lib1	22460026	0	0	0	0	0	0	0	387	0	0.0	nan	22460026	0	11230013	0	11230013	0	28	0	0.0	nan	28	0	359	0	0.0	nan	0	0	0	0	22460026
Sscrofa11.1 | M301125.lib1	64689472	0	0	0	0	0	0	0	1832	0	0.0	nan	64689472	0	32344736	0	32344736	0	236	0	0.0	nan	236	0	1596	0	0.0	nan	0	0	0	0	64689472
Sscrofa11.1 | M301126.lib1	17338714	0	0	0	0	0	0	0	601	0	0.0	nan	17338714	0	8669357	0	8669357	0	12	0	0.0	nan	12	0	589	0	0.0	nan	0	0	0	0	17338714
Sscrofa11.1 | M301127.lib1	293174	0	0	0	0	0	0	0	57	0	0.02	nan	293174	0	146587	0	146587	0	52	0	0.02	nan	52	0	5	0	0.0	nan	0	0	0	0	293174
Sscrofa11.1 | M301128.lib1	24482448	0	0	0	0	0	0	0	744	0	0.0	nan	24482448	0	12241224	0	12241224	0	38	0	0.0	nan	40	0	704	0	0.0	nan	0	0	0	0	24482448
Sscrofa11.1 | M301129.lib1	8135776	0	0	0	0	0	0	0	380	0	0.0	nan	8135776	0	4067888	0	4067888	0	32	0	0.0	nan	32	0	348	0	0.0	nan	0	0	0	0	8135776
Sscrofa11.1 | M301130.lib1	22014634	0	0	0	0	0	0	0	1562	0	0.01	nan	22014634	0	11007317	0	11007317	0	1162	0	0.01	nan	1188	0	374	0	0.0	nan	0	0	0	0	22014634
Sscrofa11.1 | M301131.lib1	15768	0	0	0	0	0	0	0	165	0	1.05	nan	15768	0	7884	0	7884	0	0	0	0.0	nan	0	0	165	0	1.05	nan	0	0	0	0	15768
Sscrofa11.1 | M301132.lib1	542442	0	0	0	0	0	0	0	348	0	0.06	nan	542442	0	271221	0	271221	0	310	0	0.06	nan	312	0	36	0	0.01	nan	0	0	0	0	542442
Sscrofa11.1 | M301133.lib1	25273768	0	0	0	0	0	0	0	530	0	0.0	nan	25273768	0	12636884	0	12636884	0	8	0	0.0	nan	10	0	520	0	0.0	nan	0	0	0	0	25273768
Sscrofa11.1 | M301134.lib1	5846270	0	0	0	0	0	0	0	286	0	0.0	nan	5846270	0	2923135	0	2923135	0	130	0	0.0	nan	130	0	156	0	0.0	nan	0	0	0	0	5846270
Sscrofa11.1 | M301135.lib1	20454	0	0	0	0	0	0	0	48	0	0.23	nan	20454	0	10227	0	10227	0	0	0	0.0	nan	0	0	48	0	0.23	nan	0	0	0	0	20454
Sscrofa11.1 | M301136.lib1	20592892	0	0	0	0	0	0	0	520	0	0.0	nan	20592892	0	10296446	0	10296446	0	12	0	0.0	nan	12	0	508	0	0.0	nan	0	0	0	0	20592892
Sscrofa11.1 | M301137.lib1	21479454	0	0	0	0	0	0	0	465	0	0.0	nan	21479454	0	10739727	0	10739727	0	0	0	0.0	nan	0	0	465	0	0.0	nan	0	0	0	0	21479454
Sscrofa11.1 | M301138.lib1	3354100	0	0	0	0	0	0	0	416	0	0.01	nan	3354100	0	1677050	0	1677050	0	280	0	0.01	nan	318	0	98	0	0.0	nan	6	0	1	0	3354100
Sscrofa11.1 | M301139.lib1	21706224	0	0	0	0	0	0	0	925	0	0.0	nan	21706224	0	10853112	0	10853112	0	18	0	0.0	nan	18	0	907	0	0.0	nan	0	0	0	0	21706224
Sscrofa11.1 | M301140.lib1	7597992	0	0	0	0	0	0	0	425	0	0.01	nan	7597992	0	3798996	0	3798996	0	184	0	0.0	nan	184	0	241	0	0.0	nan	0	0	0	0	7597992
Sscrofa11.1 | M301141.lib1	24385936	0	0	0	0	0	0	0	1013	0	0.0	nan	24385936	0	12192968	0	12192968	0	114	0	0.0	nan	114	0	899	0	0.0	nan	0	0	0	0	24385936
Sscrofa11.1 | M301142.lib1	9242182	0	0	0	0	0	0	0	525	0	0.01	nan	9242182	0	4621091	0	4621091	0	176	0	0.0	nan	206	0	319	0	0.0	nan	0	0	0	0	9242182
Sscrofa11.1 | M301143.lib1	24526356	0	0	0	0	0	0	0	745	0	0.0	nan	24526356	0	12263178	0	12263178	0	32	0	0.0	nan	32	0	713	0	0.0	nan	0	0	0	0	24526356
Sscrofa11.1 | M301144.lib1	21337824	0	0	0	0	0	0	0	843	0	0.0	nan	21337824	0	10668912	0	10668912	0	208	0	0.0	nan	210	0	633	0	0.0	nan	0	0	0	0	21337824
Sscrofa11.1 | M301145.lib1	316370	0	0	0	0	0	0	0	161	0	0.05	nan	316370	0	158185	0	158185	0	138	0	0.04	nan	142	0	19	0	0.01	nan	0	0	0	0	316370
Sscrofa11.1 | M301146.lib1	15476690	0	0	0	0	0	0	0	2126	0	0.01	nan	15476690	0	7738345	0	7738345	0	1580	0	0.01	nan	1588	0	538	0	0.0	nan	0	0	0	0	15476690
Sscrofa11.1 | M301147.lib1	8326	0	0	0	0	0	0	0	12	0	0.14	nan	8326	0	4163	0	4163	0	2	0	0.02	nan	2	0	10	0	0.12	nan	0	0	0	0	8326
Sscrofa11.1 | M301148.lib1	5717916	0	0	0	0	0	0	0	374	0	0.01	nan	5717916	0	2858958	0	2858958	0	82	0	0.0	nan	86	0	288	0	0.01	nan	0	0	0	0	5717916
Sscrofa11.1 | M301149.lib1	1718034	0	0	0	0	0	0	0	110	0	0.01	nan	1718034	0	859017	0	859017	0	16	0	0.0	nan	16	0	94	0	0.01	nan	0	0	0	0	1718034
Sscrofa11.1 | M301150.lib1	182612	0	0	0	0	0	0	0	433	0	0.24	nan	182612	0	91306	0	91306	0	404	0	0.22	nan	408	0	25	0	0.01	nan	0	0	0	0	182612
Sscrofa11.1 | M301151.lib1	4529748	0	0	0	0	0	0	0	434	0	0.01	nan	4529748	0	2264874	0	2264874	0	242	0	0.01	nan	242	0	192	0	0.0	nan	0	0	0	0	4529748
Sscrofa11.1 | M301152.lib1	19632782	0	0	0	0	0	0	0	1169	0	0.01	nan	19632782	0	9816391	0	9816391	0	72	0	0.0	nan	72	0	1097	0	0.01	nan	0	0	0	0	19632782
Sscrofa11.1 | M301153.lib1	18646862	0	0	0	0	0	0	0	444	0	0.0	nan	18646862	0	9323431	0	9323431	0	10	0	0.0	nan	10	0	434	0	0.0	nan	0	0	0	0	18646862
Sscrofa11.1 | M301154.lib1	20036088	0	0	0	0	0	0	0	1118	0	0.01	nan	20036088	0	10018044	0	10018044	0	12	0	0.0	nan	12	0	1106	0	0.01	nan	0	0	0	0	20036088
Sscrofa11.1 | M301155.lib1	1471416	0	0	0	0	0	0	0	136	0	0.01	nan	1471416	0	735708	0	735708	0	30	0	0.0	nan	30	0	106	0	0.01	nan	0	0	0	0	1471416
Sscrofa11.1 | M301156.lib1	302520	0	0	0	0	0	0	0	116	0	0.04	nan	302520	0	151260	0	151260	0	90	0	0.03	nan	102	0	14	0	0.0	nan	0	0	0	0	302520
Sscrofa11.1 | M301157.lib1	19221014	0	0	0	0	0	0	0	975	0	0.01	nan	19221014	0	9610507	0	9610507	0	16	0	0.0	nan	16	0	959	0	0.0	nan	0	0	0	0	19221014
Sscrofa11.1 | M301158.lib1	12612932	0	0	0	0	0	0	0	1814	0	0.01	nan	12612932	0	6306466	0	6306466	0	1164	0	0.01	nan	1218	0	596	0	0.0	nan	14	0	8	0	12612932
Sscrofa11.1 | M301159.lib1	19385658	0	0	0	0	0	0	0	1308	0	0.01	nan	19385658	0	9692829	0	9692829	0	34	0	0.0	nan	34	0	1274	0	0.01	nan	0	0	0	0	19385658
Sscrofa11.1 | M301160.lib1	245258	0	0	0	0	0	0	0	82	0	0.03	nan	245258	0	122629	0	122629	0	56	0	0.02	nan	74	0	8	0	0.0	nan	0	0	0	0	245258
Sscrofa11.1 | M301161.lib1	15057956	0	0	0	0	0	0	0	1421	0	0.01	nan	15057956	0	7528978	0	7528978	0	266	0	0.0	nan	298	0	1123	0	0.01	nan	2	0	0	0	15057956
Sscrofa11.1 | M301162.lib1	31755858	0	0	0	0	0	0	0	1172	0	0.0	nan	31755858	0	15877929	0	15877929	0	56	0	0.0	nan	58	0	1114	0	0.0	nan	0	0	0	0	31755858
Sscrofa11.1 | M301163.lib1	17606056	0	0	0	0	0	0	0	445	0	0.0	nan	17606056	0	8803028	0	8803028	0	4	0	0.0	nan	4	0	441	0	0.0	nan	0	0	0	0	17606056
Sscrofa11.1 | M301164.lib1	24570182	0	0	0	0	0	0	0	1000	0	0.0	nan	24570182	0	12285091	0	12285091	0	14	0	0.0	nan	14	0	986	0	0.0	nan	0	0	0	0	24570182
Sscrofa11.1 | M301165.lib1	911308	0	0	0	0	0	0	0	89	0	0.01	nan	911308	0	455654	0	455654	0	30	0	0.0	nan	30	0	59	0	0.01	nan	0	0	0	0	911308
Sscrofa11.1 | M301166.lib1	15908784	0	0	0	0	0	0	0	886	0	0.01	nan	15908784	0	7954392	0	7954392	0	22	0	0.0	nan	24	0	862	0	0.01	nan	0	0	0	0	15908784
Sscrofa11.1 | M301167.lib1	160198	0	0	0	0	0	0	0	48	0	0.03	nan	160198	0	80099	0	80099	0	20	0	0.01	nan	36	0	12	0	0.01	nan	0	0	0	0	160198
Sscrofa11.1 | M301168.lib1	23110660	0	0	0	0	0	0	0	1080	0	0.0	nan	23110660	0	11555330	0	11555330	0	18	0	0.0	nan	18	0	1062	0	0.0	nan	0	0	0	0	23110660
Sscrofa11.1 | M301169.lib1	17033286	0	0	0	0	0	0	0	888	0	0.01	nan	17033286	0	8516643	0	8516643	0	0	0	0.0	nan	0	0	888	0	0.01	nan	0	0	0	0	17033286
Sscrofa11.1 | M301170.lib1	285390	0	0	0	0	0	0	0	60	0	0.02	nan	285390	0	142695	0	142695	0	44	0	0.02	nan	44	0	16	0	0.01	nan	0	0	0	0	285390
Sscrofa11.1 | M301171.lib1	6224078	0	0	0	0	0	0	0	71	0	0.0	nan	6224078	0	3112039	0	3112039	0	2	0	0.0	nan	2	0	69	0	0.0	nan	0	0	0	0	6224078
Sscrofa11.1 | M301172.lib1	18370484	0	0	0	0	0	0	0	647	0	0.0	nan	18370484	0	9185242	0	9185242	0	38	0	0.0	nan	38	0	609	0	0.0	nan	0	0	0	0	18370484
Sscrofa11.1 | M301173.lib1	19318630	0	0	0	0	0	0	0	1124	0	0.01	nan	19318630	0	9659315	0	9659315	0	24	0	0.0	nan	24	0	1100	0	0.01	nan	0	0	0	0	19318630
Sscrofa11.1 | M301174.lib1	402644	0	0	0	0	0	0	0	208	0	0.05	nan	402644	0	201322	0	201322	0	172	0	0.04	nan	190	0	18	0	0.0	nan	0	0	0	0	402644
Sscrofa11.1 | M301175.lib1	1264634	0	0	0	0	0	0	0	311	0	0.02	nan	1264634	0	632317	0	632317	0	234	0	0.02	nan	234	0	77	0	0.01	nan	0	0	0	0	1264634
Sscrofa11.1 | M301176.lib1	9730	0	0	0	0	0	0	0	23	0	0.24	nan	9730	0	4865	0	4865	0	16	0	0.16	nan	16	0	7	0	0.07	nan	0	0	0	0	9730
Sscrofa11.1 | M301177.lib1	20515918	0	0	0	0	0	0	0	673	0	0.0	nan	20515918	0	10257959	0	10257959	0	18	0	0.0	nan	18	0	655	0	0.0	nan	0	0	0	0	20515918
Sscrofa11.1 | M301178.lib1	15899038	0	0	0	0	0	0	0	575	0	0.0	nan	15899038	0	7949519	0	7949519	0	38	0	0.0	nan	38	0	537	0	0.0	nan	0	0	0	0	15899038
Sscrofa11.1 | M301179.lib1	21933760	0	0	0	0	0	0	0	436	0	0.0	nan	21933760	0	10966880	0	10966880	0	6	0	0.0	nan	6	0	430	0	0.0	nan	0	0	0	0	21933760
Sscrofa11.1 | M301180.lib1	144264	0	0	0	0	0	0	0	95	0	0.07	nan	144264	0	72132	0	72132	0	92	0	0.06	nan	92	0	3	0	0.0	nan	0	0	0	0	144264
Sscrofa11.1 | M301181.lib1	26156402	0	0	0	0	0	0	0	633	0	0.0	nan	26156402	0	13078201	0	13078201	0	32	0	0.0	nan	32	0	601	0	0.0	nan	0	0	0	0	26156402
Sscrofa11.1 | M301182.lib1	21110674	0	0	0	0	0	0	0	827	0	0.0	nan	21110674	0	10555337	0	10555337	0	4	0	0.0	nan	4	0	823	0	0.0	nan	0	0	0	0	21110674
Sscrofa11.1 | M301183.lib1	227724	0	0	0	0	0	0	0	29	0	0.01	nan	227724	0	113862	0	113862	0	10	0	0.0	nan	10	0	19	0	0.01	nan	0	0	0	0	227724
Sscrofa11.1 | M301184.lib1	26033012	0	0	0	0	0	0	0	636	0	0.0	nan	26033012	0	13016506	0	13016506	0	2	0	0.0	nan	6	0	630	0	0.0	nan	0	0	0	0	26033012
Sscrofa11.1 | M301185.lib1	17226728	0	0	0	0	0	0	0	1170	0	0.01	nan	17226728	0	8613364	0	8613364	0	48	0	0.0	nan	48	0	1122	0	0.01	nan	0	0	0	0	17226728
