Sample	raw_total_sequences	filtered_sequences	sequences	is_sorted	1st_fragments	last_fragments	reads_mapped	reads_mapped_and_paired	reads_unmapped	reads_properly_paired	reads_paired	reads_duplicated	reads_MQ0	reads_QC_failed	non-primary_alignments	supplementary_alignments	total_length	total_first_fragment_length	total_last_fragment_length	bases_mapped	bases_mapped_(cigar)	bases_trimmed	bases_duplicated	mismatches	error_rate	average_length	average_first_fragment_length	average_last_fragment_length	maximum_length	maximum_first_fragment_length	maximum_last_fragment_length	average_quality	insert_size_average	insert_size_standard_deviation	inward_oriented_pairs	outward_oriented_pairs	pairs_with_other_orientation	pairs_on_different_chromosomes	percentage_of_properly_paired_reads_(%)	reads_mapped_percent	reads_mapped_and_paired_percent	reads_unmapped_percent	reads_properly_paired_percent	reads_paired_percent	reads_duplicated_percent	reads_MQ0_percent	reads_QC_failed_percent
REF0009-mgg-pbdrep | M300800.lib1	236478.0	0.0	236478.0	1.0	118239.0	118239.0	184285.0	182136.0	52193.0	177308.0	236478.0	0.0	4291.0	0.0	0.0	0.0	34450118.0	17224311.0	17225807.0	26993797.0	26993797.0	0.0	0.0	210710.0	0.007805868	146.0	146.0	146.0	150.0	150.0	150.0	39.1	222.0	81.6	82578.0	7716.0	146.0	628.0	75.0	77.92902511015824	77.02027249892167	22.07097488984176	74.97864494794442	100.0	0.0	1.8145451162476	0.0
REF0009-mgg-pbdrep | M300801.lib1	16499476.0	0.0	16499476.0	1.0	8249738.0	8249738.0	14348172.0	14201876.0	2151304.0	13685190.0	16499476.0	0.0	331660.0	0.0	0.0	0.0	2424927146.0	1212453523.0	1212473623.0	2108612487.0	2108612487.0	0.0	0.0	15859498.0	0.007521296	147.0	147.0	147.0	150.0	150.0	150.0	39.1	228.6	86.7	6496370.0	534124.0	3988.0	66456.0	82.9	86.96137986442722	86.07470928167659	13.03862013557279	82.94317952885292	100.0	0.0	2.0101244427398783	0.0
REF0009-mgg-pbdrep | M300803.lib1	15022004.0	0.0	15022004.0	1.0	7511002.0	7511002.0	13012416.0	12876796.0	2009588.0	12513458.0	15022004.0	0.0	290174.0	0.0	0.0	0.0	2219224512.0	1109604564.0	1109619948.0	1922242368.0	1922242368.0	0.0	0.0	13980991.0	0.007273272	148.0	148.0	148.0	150.0	150.0	150.0	39.1	236.1	83.9	6001072.0	383807.0	4299.0	49220.0	83.3	86.62237075692431	85.71956178416674	13.377629243075692	83.30085653019398	100.0	0.0	1.9316597173053607	0.0
REF0009-mgg-pbdrep | M300804.lib1	2563978.0	0.0	2563978.0	1.0	1281989.0	1281989.0	2192726.0	2163900.0	371252.0	2003982.0	2563978.0	0.0	46252.0	0.0	0.0	0.0	382021857.0	191009620.0	191012237.0	326704801.0	326704801.0	0.0	0.0	2515287.0	0.007698959	149.0	149.0	149.0	150.0	150.0	150.0	38.9	281.2	100.3	1031296.0	29801.0	914.0	19939.0	78.2	85.52046858436383	84.39619996739441	14.47953141563617	78.15909496883359	100.0	0.0	1.8039156342215104	0.0
REF0009-mgg-pbdrep | M300805.lib1	405014.0	0.0	405014.0	1.0	202507.0	202507.0	316459.0	308848.0	88555.0	294312.0	405014.0	0.0	8743.0	0.0	0.0	0.0	59133575.0	29566343.0	29567232.0	46436723.0	46436723.0	0.0	0.0	406888.0	0.008762203	146.0	146.0	146.0	150.0	150.0	150.0	39.0	233.7	91.8	139977.0	11478.0	1006.0	1963.0	72.7	78.13532371720484	76.25612941774853	21.864676282795163	72.66711767988268	100.0	0.0	2.1586908106880256	0.0
REF0009-mgg-pbdrep | M300806.lib1	14729070.0	0.0	14729070.0	1.0	7364535.0	7364535.0	12720518.0	12600070.0	2008552.0	12308566.0	14729070.0	0.0	288447.0	0.0	0.0	0.0	2167402413.0	1083694377.0	1083708036.0	1871683718.0	1871683718.0	0.0	0.0	13348030.0	0.007131563	147.0	147.0	147.0	150.0	150.0	150.0	39.2	228.7	82.1	5798618.0	458346.0	2665.0	40406.0	83.6	86.36334812720693	85.54559113372399	13.636651872793054	83.56648450988419	100.0	0.0	1.9583517492957805	0.0
REF0009-mgg-pbdrep | M300807.lib1	12848606.0	0.0	12848606.0	1.0	6424303.0	6424303.0	10899415.0	10717932.0	1949191.0	10370092.0	12848606.0	0.0	285957.0	0.0	0.0	0.0	1890049770.0	945011888.0	945037882.0	1603779388.0	1603779388.0	0.0	0.0	13594208.0	0.008476358	147.0	147.0	147.0	150.0	150.0	150.0	39.1	233.2	86.3	4928716.0	372281.0	13535.0	44434.0	80.7	84.82955271567981	83.41708042101999	15.170447284320183	80.70986066504024	100.0	0.0	2.2255877408023874	0.0
REF0009-mgg-pbdrep | M300808.lib1	8359438.0	0.0	8359438.0	1.0	4179719.0	4179719.0	7174224.0	7090820.0	1185214.0	6770672.0	8359438.0	0.0	156614.0	0.0	0.0	0.0	1245525449.0	622761612.0	622763837.0	1069023500.0	1069023500.0	0.0	0.0	7970283.0	0.007455667	149.0	149.0	149.0	150.0	150.0	150.0	39.1	268.5	90.2	3402692.0	98500.0	1986.0	42232.0	81.0	85.82184591835002	84.82412334417695	14.178154081649986	80.99434435664216	100.0	0.0	1.8734991514979835	0.0
REF0009-mgg-pbdrep | M300809.lib1	20882942.0	0.0	20882942.0	1.0	10441471.0	10441471.0	18012150.0	17808472.0	2870792.0	16830336.0	20882942.0	0.0	401591.0	0.0	0.0	0.0	3101942536.0	1550964722.0	1550977814.0	2675618477.0	2675618477.0	0.0	0.0	20576702.0	0.007690447	149.0	149.0	149.0	150.0	150.0	150.0	39.0	260.6	95.2	8425669.0	347210.0	5371.0	125986.0	80.6	86.25293313557066	85.27760121155343	13.74706686442935	80.59370178780365	100.0	0.0	1.9230575845108413	0.0
REF0009-mgg-pbdrep | M300810.lib1	12450100.0	0.0	12450100.0	1.0	6225050.0	6225050.0	10858170.0	10739066.0	1591930.0	10237026.0	12450100.0	0.0	227810.0	0.0	0.0	0.0	1850590378.0	925293452.0	925296926.0	1614030590.0	1614030590.0	0.0	0.0	11822436.0	0.007324791	149.0	149.0	149.0	150.0	150.0	150.0	39.1	255.8	91.8	5100051.0	206247.0	3006.0	60229.0	82.2	87.21351635729833	86.25686540670357	12.786483642701665	82.22444799640164	100.0	0.0	1.8297844997228938	0.0
REF0009-mgg-pbdrep | M300811.lib1	16400028.0	0.0	16400028.0	1.0	8200014.0	8200014.0	14042158.0	13888596.0	2357870.0	13489706.0	16400028.0	0.0	318458.0	0.0	0.0	0.0	2430910391.0	1215446643.0	1215463748.0	2081417006.0	2081417006.0	0.0	0.0	15487874.0	0.007441024	148.0	148.0	148.0	150.0	150.0	150.0	39.1	247.3	84.6	6563927.0	323554.0	3386.0	53431.0	82.3	85.62276844893192	84.68641638904519	14.377231551068084	82.25416444410949	100.0	0.0	1.94181375787895	0.0
REF0009-mgg-pbdrep | M300812.lib1	3286.0	0.0	3286.0	1.0	1643.0	1643.0	54.0	54.0	3232.0	48.0	3286.0	0.0	0.0	0.0	0.0	0.0	439903.0	219822.0	220081.0	7726.0	7726.0	0.0	0.0	47.0	0.006083355	134.0	134.0	134.0	150.0	150.0	150.0	38.9	185.8	77.3	22.0	4.0	0.0	1.0	1.5	1.6433353621424223	1.6433353621424223	98.35666463785758	1.4607425441265978	100.0	0.0	0.0	0.0
REF0009-mgg-pbdrep | M300813.lib1	615006.0	0.0	615006.0	1.0	307503.0	307503.0	6164.0	5722.0	608842.0	5506.0	615006.0	0.0	1074.0	0.0	0.0	0.0	88833996.0	44416454.0	44417542.0	905430.0	905430.0	0.0	0.0	18459.0	0.020387	144.0	144.0	144.0	150.0	150.0	150.0	39.0	223.9	86.2	2530.0	259.0	5.0	67.0	0.9	1.0022666445530612	0.9303974270169721	98.99773335544694	0.8952758184472998	100.0	0.0	0.174632442610316	0.0
REF0009-mgg-pbdrep | M300814.lib1	14617566.0	0.0	14617566.0	1.0	7308783.0	7308783.0	12721947.0	12594732.0	1895619.0	12153230.0	14617566.0	0.0	289436.0	0.0	0.0	0.0	2152328124.0	1076157738.0	1076170386.0	1873170952.0	1873170952.0	0.0	0.0	14569972.0	0.007778239	147.0	147.0	147.0	150.0	150.0	150.0	39.1	234.2	86.6	5817796.0	420014.0	2981.0	56575.0	83.1	87.03191078459984	86.16162225640028	12.968089215400155	83.14126989404393	100.0	0.0	1.9800560503711768	0.0
REF0009-mgg-pbdrep | M300815.lib1	12292424.0	0.0	12292424.0	1.0	6146212.0	6146212.0	10662898.0	10540494.0	1629526.0	9960206.0	12292424.0	0.0	239597.0	0.0	0.0	0.0	1819452760.0	909723288.0	909729472.0	1578309085.0	1578309085.0	0.0	0.0	12222405.0	0.007743987	148.0	148.0	148.0	150.0	150.0	150.0	39.0	249.9	95.1	4919593.0	271248.0	4594.0	74812.0	81.0	86.74365609256563	85.74788829282166	13.256343907434367	81.02719203307663	100.0	0.0	1.9491436351365687	0.0
REF0009-mgg-pbdrep | M300816.lib1	18211392.0	0.0	18211392.0	1.0	9105696.0	9105696.0	15788194.0	15619812.0	2423198.0	15165080.0	18211392.0	0.0	373120.0	0.0	0.0	0.0	2682950193.0	1341465446.0	1341484747.0	2325963732.0	2325963732.0	0.0	0.0	18047912.0	0.007759326	147.0	147.0	147.0	150.0	150.0	150.0	39.1	227.9	82.3	7203119.0	539258.0	6755.0	60774.0	83.3	86.69405391965644	85.76945683229486	13.305946080343556	83.27249229493276	100.0	0.0	2.048827459207951	0.0
REF0009-mgg-pbdrep | M300817.lib1	1030026.0	0.0	1030026.0	1.0	515013.0	515013.0	473117.0	463812.0	556909.0	442452.0	1030026.0	0.0	14327.0	0.0	0.0	0.0	149249387.0	74623956.0	74625431.0	69257233.0	69257233.0	0.0	0.0	557496.0	0.008049643	145.0	145.0	145.0	150.0	150.0	150.0	39.1	228.8	91.4	208557.0	19551.0	1022.0	2776.0	43.0	45.93252985846959	45.02915460386437	54.06747014153041	42.95542054278241	100.0	0.0	1.3909357627865704	0.0
REF0009-mgg-pbdrep | M300818.lib1	18232110.0	0.0	18232110.0	1.0	9116055.0	9116055.0	15716466.0	15562118.0	2515644.0	15258202.0	18232110.0	0.0	348254.0	0.0	0.0	0.0	2697895189.0	1348939633.0	1348955556.0	2325656088.0	2325656088.0	0.0	0.0	16791334.0	0.007220042	148.0	148.0	148.0	150.0	150.0	150.0	39.1	232.8	77.0	7315327.0	420366.0	2742.0	42624.0	83.7	86.20212361597204	85.35555127738917	13.79787638402796	83.68862408135975	100.0	0.0	1.9101135304690462	0.0
REF0009-mgg-pbdrep | M300819.lib1	11806082.0	0.0	11806082.0	1.0	5903041.0	5903041.0	10209394.0	10112180.0	1596688.0	9689408.0	11806082.0	0.0	226875.0	0.0	0.0	0.0	1736427405.0	868207542.0	868219863.0	1501576616.0	1501576616.0	0.0	0.0	10887861.0	0.007250953	147.0	147.0	147.0	150.0	150.0	150.0	39.0	237.3	90.6	4663348.0	338651.0	1959.0	52132.0	82.1	86.4757164993433	85.65229345349287	13.524283500656695	82.0713256099695	100.0	0.0	1.9216790125631857	0.0
REF0009-mgg-pbdrep | M300820.lib1	11936370.0	0.0	11936370.0	1.0	5968185.0	5968185.0	10376302.0	10276010.0	1560068.0	9971724.0	11936370.0	0.0	235582.0	0.0	0.0	0.0	1755359885.0	877671223.0	877688662.0	1525903544.0	1525903544.0	0.0	0.0	11232256.0	0.007361053	147.0	147.0	147.0	150.0	150.0	150.0	39.1	226.8	83.2	4717185.0	378786.0	2841.0	39193.0	83.5	86.93013034951161	86.08990840598942	13.06986965048838	83.54067442614463	100.0	0.0	1.9736486050616726	0.0
REF0009-mgg-pbdrep | M300821.lib1	14520894.0	0.0	14520894.0	1.0	7260447.0	7260447.0	12457733.0	12323316.0	2063161.0	12045624.0	14520894.0	0.0	294168.0	0.0	0.0	0.0	2130621637.0	1065299751.0	1065321886.0	1828444653.0	1828444653.0	0.0	0.0	13693656.0	0.007489237	147.0	147.0	147.0	150.0	150.0	150.0	39.2	226.5	82.9	5627249.0	489825.0	5688.0	38896.0	83.0	85.79177700766908	84.86609708741074	14.208222992330914	82.95373549314526	100.0	0.0	2.02582568263359	0.0
REF0009-mgg-pbdrep | M300822.lib1	14580546.0	0.0	14580546.0	1.0	7290273.0	7290273.0	12640352.0	12516118.0	1940194.0	12152828.0	14580546.0	0.0	282495.0	0.0	0.0	0.0	2150764878.0	1075373075.0	1075391803.0	1864608066.0	1864608066.0	0.0	0.0	13325335.0	0.007146453	148.0	148.0	148.0	150.0	150.0	150.0	39.2	232.9	83.6	5804747.0	401401.0	4413.0	47498.0	83.3	86.69326923696822	85.8412160971201	13.306730763031782	83.34960844401849	100.0	0.0	1.9374788845355997	0.0
REF0009-mgg-pbdrep | M300823.lib1	2185114.0	0.0	2185114.0	1.0	1092557.0	1092557.0	1909761.0	1882984.0	275353.0	1714896.0	2185114.0	0.0	34052.0	0.0	0.0	0.0	321767639.0	160883150.0	160884489.0	281766440.0	281766440.0	0.0	0.0	1881074.0	0.006676005	147.0	147.0	147.0	150.0	150.0	150.0	39.0	243.8	98.2	855256.0	55869.0	3170.0	27197.0	78.5	87.39868949629172	86.17326144082185	12.601310503708273	78.48084813881565	100.0	0.0	1.558362630050423	0.0
REF0009-mgg-pbdrep | M300824.lib1	11073936.0	0.0	11073936.0	1.0	5536968.0	5536968.0	9538904.0	9432986.0	1535032.0	9132480.0	11073936.0	0.0	238895.0	0.0	0.0	0.0	1633618722.0	816804775.0	816813947.0	1407170569.0	1407170569.0	0.0	0.0	12303482.0	0.008743419	148.0	148.0	148.0	150.0	150.0	150.0	39.1	230.1	83.5	4362315.0	313972.0	2881.0	37325.0	82.5	86.1383341930096	85.18187210039862	13.861665806990398	82.4682389350995	100.0	0.0	2.157272716764843	0.0
REF0009-mgg-pbdrep | M300825.lib1	10643116.0	0.0	10643116.0	1.0	5321558.0	5321558.0	9201131.0	9119948.0	1441985.0	8999814.0	10643116.0	0.0	200426.0	0.0	0.0	0.0	1576465357.0	788229595.0	788235762.0	1362834032.0	1362834032.0	0.0	0.0	9614906.0	0.007055082	148.0	148.0	148.0	150.0	150.0	150.0	39.1	225.5	70.5	4290023.0	250200.0	1198.0	18553.0	84.6	86.4514771801792	85.68870244390835	13.548522819820812	84.55995405856706	100.0	0.0	1.8831515131470897	0.0
REF0009-mgg-pbdrep | M300826.lib1	137650.0	0.0	137650.0	1.0	68825.0	68825.0	28509.0	28246.0	109141.0	27156.0	137650.0	0.0	769.0	0.0	0.0	0.0	19145364.0	9571969.0	9573395.0	4178848.0	4178848.0	0.0	0.0	31348.0	0.007501589	139.0	139.0	139.0	150.0	150.0	150.0	39.0	233.4	92.2	12906.0	1079.0	29.0	109.0	19.7	20.711224119142756	20.52015982564475	79.28877588085724	19.728296403922993	100.0	0.0	0.5586632764257174	0.0
REF0009-mgg-pbdrep | M300827.lib1	4961412.0	0.0	4961412.0	1.0	2480706.0	2480706.0	4274053.0	4228874.0	687359.0	4128490.0	4961412.0	0.0	102808.0	0.0	0.0	0.0	727868519.0	363928825.0	363939694.0	627298542.0	627298542.0	0.0	0.0	4590295.0	0.00731756	147.0	147.0	147.0	150.0	150.0	150.0	39.1	230.6	83.2	1946312.0	152694.0	1468.0	13963.0	83.2	86.14589959471215	85.23529188868008	13.85410040528785	83.21199690733204	100.0	0.0	2.0721520405884455	0.0
REF0009-mgg-pbdrep | M300828.lib1	9476940.0	0.0	9476940.0	1.0	4738470.0	4738470.0	8175522.0	8073026.0	1301418.0	7508424.0	9476940.0	0.0	190501.0	0.0	0.0	0.0	1400462313.0	700225278.0	700237035.0	1208221094.0	1208221094.0	0.0	0.0	9407350.0	0.007786117	148.0	148.0	148.0	150.0	150.0	150.0	39.0	255.0	100.9	3752420.0	207690.0	4759.0	71644.0	79.2	86.26752939239881	85.18599885617087	13.732470607601188	79.22835852078836	100.0	0.0	2.010153066285109	0.0
REF0009-mgg-pbdrep | M300829.lib1	11447506.0	0.0	11447506.0	1.0	5723753.0	5723753.0	9858885.0	9749046.0	1588621.0	9284332.0	11447506.0	0.0	230456.0	0.0	0.0	0.0	1691766834.0	845879461.0	845887373.0	1457085598.0	1457085598.0	0.0	0.0	11378102.0	0.007808808	148.0	148.0	148.0	150.0	150.0	150.0	39.0	246.1	92.7	4541858.0	268411.0	3684.0	60570.0	81.1	86.12255804888855	85.16305647710514	13.877441951111447	81.10353469131181	100.0	0.0	2.0131546556953106	0.0
REF0009-mgg-pbdrep | M300830.lib1	379824.0	0.0	379824.0	1.0	189912.0	189912.0	61291.0	60698.0	318533.0	59026.0	379824.0	0.0	1333.0	0.0	0.0	0.0	55402658.0	27701440.0	27701218.0	9019631.0	9019631.0	0.0	0.0	61223.0	0.00678775	146.0	146.0	146.0	150.0	150.0	150.0	38.9	230.7	84.8	27924.0	2061.0	67.0	297.0	15.5	16.13668435907157	15.980559416993135	83.86331564092842	15.54035553308901	100.0	0.0	0.3509520198828931	0.0
REF0009-mgg-pbdrep | M300831.lib1	14494378.0	0.0	14494378.0	1.0	7247189.0	7247189.0	12431744.0	12302836.0	2062634.0	11952104.0	14494378.0	0.0	307339.0	0.0	0.0	0.0	2134994703.0	1067489523.0	1067505180.0	1831199588.0	1831199588.0	0.0	0.0	14179237.0	0.007743141	147.0	147.0	147.0	150.0	150.0	150.0	39.1	232.0	84.0	5686771.0	414324.0	3357.0	46966.0	82.5	85.76942039182364	84.88005487368964	14.230579608176356	82.46027528742523	100.0	0.0	2.1204014411656713	0.0
REF0009-mgg-pbdrep | M300832.lib1	222778.0	0.0	222778.0	1.0	111389.0	111389.0	87251.0	85814.0	135527.0	77430.0	222778.0	0.0	1689.0	0.0	0.0	0.0	32377758.0	16188588.0	16189170.0	12913008.0	12913008.0	0.0	0.0	93157.0	0.007214198	145.0	145.0	145.0	150.0	150.0	150.0	38.9	257.1	102.6	39212.0	2178.0	211.0	1306.0	34.8	39.164998339153776	38.519961576098176	60.835001660846224	34.75657380890393	100.0	0.0	0.758153857203135	0.0
REF0009-mgg-pbdrep | M300833.lib1	7747520.0	0.0	7747520.0	1.0	3873760.0	3873760.0	6674311.0	6599570.0	1073209.0	6351806.0	7747520.0	0.0	147203.0	0.0	0.0	0.0	1150103860.0	575050027.0	575053833.0	990825334.0	990825334.0	0.0	0.0	7371791.0	0.007440051	148.0	148.0	148.0	150.0	150.0	150.0	39.0	248.2	86.3	3123095.0	140597.0	2358.0	33735.0	82.0	86.14770920242864	85.18300049564247	13.852290797571351	81.98502230391145	100.0	0.0	1.9000015488827393	0.0
REF0009-mgg-pbdrep | M300834.lib1	11672908.0	0.0	11672908.0	1.0	5836454.0	5836454.0	10096928.0	9980608.0	1575980.0	9411208.0	11672908.0	0.0	222082.0	0.0	0.0	0.0	1728420019.0	864204967.0	864215052.0	1495056382.0	1495056382.0	0.0	0.0	11294362.0	0.007554472	148.0	148.0	148.0	150.0	150.0	150.0	39.0	253.6	96.9	4663530.0	249471.0	4696.0	72607.0	80.6	86.498822744084	85.50232726926316	13.501177255916005	80.6243654109156	100.0	0.0	1.9025421942844063	0.0
REF0009-mgg-pbdrep | M300835.lib1	12224924.0	0.0	12224924.0	1.0	6112462.0	6112462.0	10558684.0	10435752.0	1666240.0	9997212.0	12224924.0	0.0	226796.0	0.0	0.0	0.0	1819285342.0	909645349.0	909639993.0	1571315068.0	1571315068.0	0.0	0.0	11406562.0	0.007259245	149.0	149.0	149.0	150.0	150.0	150.0	39.1	258.9	88.6	4979289.0	173030.0	3048.0	62509.0	81.8	86.37014021518662	85.36455523159081	13.629859784813386	81.77729366661093	100.0	0.0	1.855193537399496	0.0
REF0009-mgg-pbdrep | M300836.lib1	17664760.0	0.0	17664760.0	1.0	8832380.0	8832380.0	15110549.0	14954526.0	2554211.0	14520198.0	17664760.0	0.0	342243.0	0.0	0.0	0.0	2621516278.0	1310750672.0	1310765606.0	2242540232.0	2242540232.0	0.0	0.0	17085609.0	0.007618863	148.0	148.0	148.0	150.0	150.0	150.0	39.1	239.1	82.7	7059258.0	357125.0	3656.0	57224.0	82.2	85.54064136733247	84.65739698699558	14.459358632667527	82.198671252822	100.0	0.0	1.9374336249119717	0.0
REF0009-mgg-pbdrep | M300837.lib1	9304742.0	0.0	9304742.0	1.0	4652371.0	4652371.0	7986833.0	7896990.0	1317909.0	7594310.0	9304742.0	0.0	166250.0	0.0	0.0	0.0	1390239361.0	695117708.0	695121653.0	1193340493.0	1193340493.0	0.0	0.0	8539847.0	0.007156253	149.0	149.0	149.0	150.0	150.0	150.0	39.1	266.3	84.1	3830523.0	74641.0	2452.0	40879.0	81.6	85.83615752054168	84.87059608960679	14.163842479458324	81.61763109605833	100.0	0.0	1.7867233718033237	0.0
REF0009-mgg-pbdrep | M300838.lib1	278.0	0.0	278.0	1.0	139.0	139.0	30.0	28.0	248.0	26.0	278.0	0.0	0.0	0.0	0.0	0.0	40395.0	20187.0	20208.0	4442.0	4442.0	0.0	0.0	38.0	0.008554705	145.0	145.0	145.0	150.0	150.0	150.0	38.3	236.6	60.6	12.0	1.0	1.0	0.0	9.4	10.79136690647482	10.071942446043165	89.20863309352518	9.352517985611511	100.0	0.0	0.0	0.0
REF0009-mgg-pbdrep | M300839.lib1	8377620.0	0.0	8377620.0	1.0	4188810.0	4188810.0	6770741.0	6685696.0	1606879.0	6381360.0	8377620.0	0.0	144235.0	0.0	0.0	0.0	1238878129.0	619438651.0	619439478.0	1002348673.0	1002348673.0	0.0	0.0	7615946.0	0.007598101	148.0	148.0	148.0	150.0	150.0	150.0	39.0	253.6	91.7	3131971.0	161886.0	4890.0	44101.0	76.2	80.81938545792242	79.80424034510995	19.180614542077585	76.17151410543806	100.0	0.0	1.7216703550650425	0.0
REF0009-mgg-pbdrep | M300840.lib1	9067740.0	0.0	9067740.0	1.0	4533870.0	4533870.0	7787871.0	7701544.0	1279869.0	7384044.0	9067740.0	0.0	182166.0	0.0	0.0	0.0	1341458943.0	670726066.0	670732877.0	1152224552.0	1152224552.0	0.0	0.0	8997513.0	0.007808819	148.0	148.0	148.0	150.0	150.0	150.0	39.1	243.4	88.8	3602706.0	203530.0	2451.0	42085.0	81.4	85.88546870554295	84.93344537889264	14.114531294457052	81.43202165037815	100.0	0.0	2.0089459997750265	0.0
REF0009-mgg-pbdrep | M300841.lib1	433692.0	0.0	433692.0	1.0	216846.0	216846.0	86328.0	85902.0	347364.0	82148.0	433692.0	0.0	1150.0	0.0	0.0	0.0	63436090.0	31717536.0	31718554.0	12756279.0	12756279.0	0.0	0.0	65867.0	0.005163496	146.0	146.0	146.0	150.0	150.0	150.0	39.0	247.4	89.7	39984.0	2353.0	24.0	590.0	18.9	19.905370631692538	19.80714424061315	80.09462936830745	18.94155299152394	100.0	0.0	0.26516514023777243	0.0
REF0009-mgg-pbdrep | M300886.lib1	10126500.0	0.0	10126500.0	1.0	5063250.0	5063250.0	8733154.0	8645984.0	1393346.0	8437128.0	10126500.0	0.0	193153.0	0.0	0.0	0.0	1498366110.0	749180854.0	749185256.0	1292254281.0	1292254281.0	0.0	0.0	9554607.0	0.007393751	148.0	148.0	148.0	150.0	150.0	150.0	39.1	238.2	82.5	4059044.0	234285.0	1489.0	28174.0	83.3	86.2405964548462	85.37978571075891	13.759403545153804	83.31731595319212	100.0	0.0	1.9074013726361527	0.0
REF0009-mgg-pbdrep | M301037.lib1	8932678.0	0.0	8932678.0	1.0	4466339.0	4466339.0	7740382.0	7652800.0	1192296.0	7281254.0	8932678.0	0.0	179301.0	0.0	0.0	0.0	1321053933.0	660521613.0	660532320.0	1144770971.0	1144770971.0	0.0	0.0	8729091.0	0.007625186	148.0	148.0	148.0	150.0	150.0	150.0	39.1	247.9	92.8	3573803.0	202980.0	2255.0	47362.0	81.5	86.65242383079296	85.67195638306899	13.34757616920704	81.51255424185221	100.0	0.0	2.007247994386454	0.0
REF0009-mgg-pbdrep | M301038.lib1	30054622.0	0.0	30054622.0	1.0	15027311.0	15027311.0	26012488.0	25720020.0	4042134.0	24603244.0	30054622.0	0.0	608738.0	0.0	0.0	0.0	4448082087.0	2224028769.0	2224053318.0	3849805873.0	3849805873.0	0.0	0.0	30030185.0	0.007800441	148.0	148.0	148.0	150.0	150.0	150.0	39.1	243.5	89.6	12027353.0	680807.0	7746.0	144104.0	81.9	86.5507075750279	85.57758603651712	13.449292424972107	81.86176488927394	100.0	0.0	2.0254388825785266	0.0
REF0009-mgg-pbdrep | M301039.lib1	13618210.0	0.0	13618210.0	1.0	6809105.0	6809105.0	11738263.0	11614482.0	1879947.0	11173278.0	13618210.0	0.0	278202.0	0.0	0.0	0.0	2011436534.0	1005708919.0	1005727615.0	1733744796.0	1733744796.0	0.0	0.0	12979514.0	0.007486404	148.0	148.0	148.0	150.0	150.0	150.0	39.1	240.7	88.3	5406709.0	340362.0	2647.0	57523.0	82.0	86.19534432205114	85.28640695069323	13.804655677948862	82.04659790089886	100.0	0.0	2.0428676015423464	0.0
REF0009-mgg-pbdrep | M301040.lib1	513524.0	0.0	513524.0	1.0	256762.0	256762.0	53093.0	52380.0	460431.0	50044.0	513524.0	0.0	1576.0	0.0	0.0	0.0	74471334.0	37234222.0	37237112.0	7851979.0	7851979.0	0.0	0.0	68502.0	0.00872417	145.0	145.0	145.0	150.0	150.0	150.0	39.0	259.2	92.9	24708.0	1019.0	115.0	348.0	9.7	10.338952025611267	10.200107492541731	89.66104797438874	9.745211518838458	100.0	0.0	0.3068989959573457	0.0
REF0009-mgg-pbdrep | M301041.lib1	18277386.0	0.0	18277386.0	1.0	9138693.0	9138693.0	15638281.0	15472484.0	2639105.0	15150486.0	18277386.0	0.0	394339.0	0.0	0.0	0.0	2699179437.0	1349578641.0	1349600796.0	2309389678.0	2309389678.0	0.0	0.0	20599358.0	0.008919829	148.0	148.0	148.0	150.0	150.0	150.0	39.2	235.7	81.6	7223989.0	464677.0	2806.0	44770.0	82.9	85.56081816075888	84.65370266842316	14.439181839241124	82.89197372096864	100.0	0.0	2.157524057324171	0.0
REF0009-mgg-pbdrep | M301042.lib1	17406822.0	0.0	17406822.0	1.0	8703411.0	8703411.0	15746944.0	15623890.0	1659878.0	15116652.0	17406822.0	0.0	245784.0	0.0	0.0	0.0	2586649923.0	1293323788.0	1293326135.0	2340414541.0	2340414541.0	0.0	0.0	14593550.0	0.006235456	149.0	149.0	149.0	150.0	150.0	150.0	39.1	249.3	83.5	7415776.0	303787.0	4906.0	87476.0	86.8	90.46420995170745	89.75728022036418	9.53579004829256	86.84326179701269	100.0	0.0	1.4119981234943404	0.0
REF0009-mgg-pbdrep | M301043.lib1	419554.0	0.0	419554.0	1.0	209777.0	209777.0	49334.0	48294.0	370220.0	46678.0	419554.0	0.0	1506.0	0.0	0.0	0.0	60804041.0	30401997.0	30402044.0	7266867.0	7266867.0	0.0	0.0	61217.0	0.008424126	145.0	145.0	145.0	150.0	150.0	150.0	39.1	227.9	81.3	22152.0	1637.0	83.0	275.0	11.1	11.758677071366261	11.510794796379011	88.24132292863374	11.125623876783441	100.0	0.0	0.35895260204884233	0.0
REF0009-mgg-pbdrep | M301044.lib1	11192274.0	0.0	11192274.0	1.0	5596137.0	5596137.0	10331109.0	10252224.0	861165.0	9514142.0	11192274.0	0.0	159539.0	0.0	0.0	0.0	1656830427.0	828414762.0	828415665.0	1529490946.0	1529490946.0	0.0	0.0	9354805.0	0.006116287	148.0	148.0	148.0	150.0	150.0	150.0	39.1	249.2	95.6	4740777.0	259068.0	3793.0	122474.0	85.0	92.30571910587607	91.60090255117058	7.694280894123928	85.00633562044675	100.0	0.0	1.4254386552723781	0.0
REF0009-mgg-pbdrep | M301045.lib1	16095222.0	0.0	16095222.0	1.0	8047611.0	8047611.0	14942524.0	14837950.0	1152698.0	13983272.0	16095222.0	0.0	230490.0	0.0	0.0	0.0	2389569895.0	1194780036.0	1194789859.0	2218491929.0	2218491929.0	0.0	0.0	13978409.0	0.006300861	148.0	148.0	148.0	150.0	150.0	150.0	39.0	252.3	89.3	6972684.0	296867.0	3851.0	145573.0	86.9	92.83825970216503	92.18853893410106	7.161740297834972	86.87840403816736	100.0	0.0	1.4320398935783551	0.0
REF0009-mgg-pbdrep | M301046.lib1	16875510.0	0.0	16875510.0	1.0	8437755.0	8437755.0	15746671.0	15629830.0	1128839.0	14774334.0	16875510.0	0.0	253687.0	0.0	0.0	0.0	2499463182.0	1249728321.0	1249734861.0	2332577622.0	2332577622.0	0.0	0.0	15119925.0	0.006482068	148.0	148.0	148.0	150.0	150.0	150.0	39.0	248.3	89.5	7298928.0	365371.0	4343.0	146273.0	87.5	93.31078586661974	92.61841568047426	6.689214133380266	87.54896296467484	100.0	0.0	1.5032849377589181	0.0
REF0009-mgg-pbdrep | M301047.lib1	1305894.0	0.0	1305894.0	1.0	652947.0	652947.0	741875.0	736060.0	564019.0	699828.0	1305894.0	0.0	11837.0	0.0	0.0	0.0	191458332.0	95727979.0	95730353.0	109713400.0	109713400.0	0.0	0.0	661256.0	0.006027122	147.0	147.0	147.0	150.0	150.0	150.0	39.1	247.7	89.8	343597.0	18044.0	459.0	5930.0	53.6	56.809741066273375	56.364452244975475	43.190258933726625	53.58995446797367	100.0	0.0	0.9064288525714951	0.0
REF0009-mgg-pbdrep | M301048.lib1	8369850.0	0.0	8369850.0	1.0	4184925.0	4184925.0	7789689.0	7725416.0	580161.0	7205838.0	8369850.0	0.0	130347.0	0.0	0.0	0.0	1237473167.0	618736876.0	618736291.0	1151738342.0	1151738342.0	0.0	0.0	7596411.0	0.006595605	148.0	148.0	148.0	150.0	150.0	150.0	39.0	246.3	93.2	3567548.0	203725.0	3629.0	87806.0	86.1	93.06844208677575	92.30053107283882	6.9315579132242515	86.0927973619599	100.0	0.0	1.5573397372712774	0.0
REF0009-mgg-pbdrep | M301049.lib1	13506994.0	0.0	13506994.0	1.0	6753497.0	6753497.0	12604132.0	12491716.0	902862.0	11461694.0	13506994.0	0.0	203055.0	0.0	0.0	0.0	1999468315.0	999731027.0	999737288.0	1865887179.0	1865887179.0	0.0	0.0	11738127.0	0.006290909	148.0	148.0	148.0	150.0	150.0	150.0	39.1	253.7	96.7	5774527.0	291742.0	5879.0	173710.0	84.9	93.31559634956527	92.48331642110746	6.684403650434731	84.85747457946601	100.0	0.0	1.5033322736354218	0.0
REF0009-mgg-pbdrep | M301050.lib1	14398514.0	0.0	14398514.0	1.0	7199257.0	7199257.0	13372182.0	13263530.0	1026332.0	12397908.0	14398514.0	0.0	214276.0	0.0	0.0	0.0	2147229305.0	1073616214.0	1073613091.0	1994239429.0	1994239429.0	0.0	0.0	13416330.0	0.006727542	149.0	149.0	149.0	150.0	150.0	150.0	39.0	270.5	90.3	6326851.0	155980.0	4001.0	144933.0	86.1	92.87195887020007	92.11735322131159	7.128041129799922	86.10546893936416	100.0	0.0	1.4881813498254057	0.0
REF0009-mgg-pbdrep | M301051.lib1	13139348.0	0.0	13139348.0	1.0	6569674.0	6569674.0	12196877.0	12104258.0	942471.0	11215328.0	13139348.0	0.0	205031.0	0.0	0.0	0.0	1947935572.0	973970427.0	973965145.0	1808350163.0	1808350163.0	0.0	0.0	12010608.0	0.006641749	148.0	148.0	148.0	150.0	150.0	150.0	39.0	254.6	94.3	5637958.0	260664.0	3666.0	149841.0	85.4	92.82710983832683	92.1222118479547	7.172890161673166	85.35680765894928	100.0	0.0	1.5604351144364241	0.0
REF0009-mgg-pbdrep | M301052.lib1	12183228.0	0.0	12183228.0	1.0	6091614.0	6091614.0	11341956.0	11246512.0	841272.0	10218360.0	12183228.0	0.0	181408.0	0.0	0.0	0.0	1815738306.0	907868580.0	907869726.0	1690504637.0	1690504637.0	0.0	0.0	10988418.0	0.006500082	149.0	149.0	149.0	150.0	150.0	150.0	39.0	272.9	95.0	5305500.0	139595.0	4643.0	173518.0	83.9	93.09483496492062	92.3114301070291	6.905165035079373	83.87235304141069	100.0	0.0	1.4889978255352359	0.0
REF0009-mgg-pbdrep | M301053.lib1	162496.0	0.0	162496.0	1.0	81248.0	81248.0	14899.0	14572.0	147597.0	13478.0	162496.0	0.0	491.0	0.0	0.0	0.0	23359197.0	11679119.0	11680078.0	2199173.0	2199173.0	0.0	0.0	18949.0	0.00861642	144.0	144.0	144.0	150.0	150.0	150.0	39.0	251.5	97.4	6758.0	336.0	12.0	180.0	8.3	9.168841079165025	8.967605356439542	90.83115892083498	8.294358014966523	100.0	0.0	0.302161283970067	0.0
REF0009-mgg-pbdrep | M301054.lib1	12970992.0	0.0	12970992.0	1.0	6485496.0	6485496.0	12062735.0	11955896.0	908257.0	11008374.0	12970992.0	0.0	206821.0	0.0	0.0	0.0	1922615932.0	961304984.0	961310948.0	1788153231.0	1788153231.0	0.0	0.0	12601512.0	0.007047222	148.0	148.0	148.0	150.0	150.0	150.0	38.9	258.6	96.3	5555998.0	257977.0	4983.0	158990.0	84.9	92.99778305313889	92.17410665275254	7.002216946861119	84.86917577314055	100.0	0.0	1.594488686755801	0.0
REF0009-mgg-pbdrep | M301055.lib1	278822.0	0.0	278822.0	1.0	139411.0	139411.0	200100.0	196662.0	78722.0	172178.0	278822.0	0.0	3796.0	0.0	0.0	0.0	38629743.0	18933734.0	19696009.0	29824653.0	29824653.0	0.0	0.0	238007.0	0.007980211	139.0	136.0	141.0	150.0	150.0	150.0	38.2	282.9	100.0	91899.0	2203.0	54.0	4175.0	61.8	71.7662164391619	70.53317170094182	28.2337835608381	61.75194209926046	100.0	0.0	1.3614420669818021	0.0
REF0009-mgg-pbdrep | M301056.lib1	345892.0	0.0	345892.0	1.0	172946.0	172946.0	234402.0	232086.0	111490.0	220294.0	345892.0	0.0	4737.0	0.0	0.0	0.0	50361739.0	25180575.0	25181164.0	34634363.0	34634363.0	0.0	0.0	268662.0	0.007757093	146.0	146.0	146.0	150.0	150.0	150.0	39.0	248.9	91.0	107840.0	6078.0	89.0	2036.0	63.7	67.76739560325188	67.097822441687	32.232604396748116	63.688665826327295	100.0	0.0	1.3695026193146993	0.0
REF0009-mgg-pbdrep | M301057.lib1	13698984.0	0.0	13698984.0	1.0	6849492.0	6849492.0	12792066.0	12684900.0	906918.0	11713694.0	13698984.0	0.0	219056.0	0.0	0.0	0.0	2024714925.0	1012353580.0	1012361345.0	1890766515.0	1890766515.0	0.0	0.0	12896061.0	0.006820547	148.0	148.0	148.0	150.0	150.0	150.0	39.0	252.6	96.0	5854246.0	318336.0	5031.0	164837.0	85.5	93.37966961637447	92.59737802453087	6.6203303836255305	85.50775736361177	100.0	0.0	1.5990674928885236	0.0
REF0009-mgg-pbdrep | M301058.lib1	16521290.0	0.0	16521290.0	1.0	8260645.0	8260645.0	15283325.0	15167834.0	1237965.0	14006008.0	16521290.0	0.0	233565.0	0.0	0.0	0.0	2458039739.0	1229017955.0	1229021784.0	2273962753.0	2273962753.0	0.0	0.0	14308494.0	0.006292317	149.0	149.0	149.0	150.0	150.0	150.0	39.0	266.5	94.3	7145869.0	237789.0	4443.0	195816.0	84.8	92.50685025200816	91.80780677537892	7.4931497479918345	84.77551087112447	100.0	0.0	1.4137213256349836	0.0
REF0009-mgg-pbdrep | M301059.lib1	12394516.0	0.0	12394516.0	1.0	6197258.0	6197258.0	11511557.0	11417482.0	882959.0	10536824.0	12394516.0	0.0	184543.0	0.0	0.0	0.0	1842755425.0	921377770.0	921377655.0	1711611230.0	1711611230.0	0.0	0.0	11336756.0	0.006623441	149.0	149.0	149.0	150.0	150.0	150.0	39.0	269.8	96.0	5365821.0	190970.0	3919.0	148031.0	85.0	92.87621235068801	92.11720731975335	7.1237876493120025	85.01198433242573	100.0	0.0	1.4889084817833953	0.0
REF0009-mgg-pbdrep | M301060.lib1	12363850.0	0.0	12363850.0	1.0	6181925.0	6181925.0	11455036.0	11372120.0	908814.0	10463458.0	12363850.0	0.0	173618.0	0.0	0.0	0.0	1833007150.0	916494943.0	916512207.0	1698520543.0	1698520543.0	0.0	0.0	10496332.0	0.006179691	148.0	148.0	148.0	150.0	150.0	150.0	39.0	258.1	97.0	5284619.0	245801.0	3753.0	151887.0	84.6	92.64942554301452	91.97879301350308	7.350574456985486	84.62944794703915	100.0	0.0	1.404238970870724	0.0
REF0009-mgg-pbdrep | M301061.lib1	4466.0	0.0	4466.0	1.0	2233.0	2233.0	87.0	82.0	4379.0	66.0	4466.0	0.0	8.0	0.0	0.0	0.0	589968.0	294877.0	295091.0	12752.0	12752.0	0.0	0.0	238.0	0.01866374	132.0	132.0	132.0	150.0	150.0	150.0	38.8	233.7	96.5	30.0	7.0	0.0	4.0	1.5	1.948051948051948	1.8360949395432153	98.05194805194806	1.477832512315271	100.0	0.0	0.17913121361397222	0.0
REF0009-mgg-pbdrep | M301062.lib1	697198.0	0.0	697198.0	1.0	348599.0	348599.0	178039.0	175270.0	519159.0	168152.0	697198.0	0.0	4089.0	0.0	0.0	0.0	101709139.0	50853319.0	50855820.0	26277146.0	26277146.0	0.0	0.0	220406.0	0.008387745	146.0	146.0	146.0	150.0	150.0	150.0	38.8	249.0	91.0	81144.0	4922.0	303.0	1266.0	24.1	25.536361263227946	25.13920005507761	74.46363873677205	24.11825621989736	100.0	0.0	0.5864904948092221	0.0
REF0009-mgg-pbdrep | M301063.lib1	18425746.0	0.0	18425746.0	1.0	9212873.0	9212873.0	16949409.0	16841786.0	1476337.0	16207874.0	18425746.0	0.0	258905.0	0.0	0.0	0.0	2725834297.0	1362905005.0	1362929292.0	2507740189.0	2507740189.0	0.0	0.0	15311469.0	0.006105684	148.0	148.0	148.0	150.0	150.0	150.0	39.1	243.7	86.4	7868622.0	437562.0	3610.0	111099.0	88.0	91.98764055468908	91.40355022803419	8.012359445310926	87.9631902013628	100.0	0.0	1.405126283625097	0.0
REF0009-mgg-pbdrep | M301064.lib1	6256612.0	0.0	6256612.0	1.0	3128306.0	3128306.0	5788671.0	5746302.0	467941.0	5343180.0	6256612.0	0.0	92382.0	0.0	0.0	0.0	924613213.0	462306697.0	462306516.0	855526512.0	855526512.0	0.0	0.0	5400005.0	0.006311908	148.0	148.0	148.0	150.0	150.0	150.0	39.1	244.6	94.6	2643392.0	159959.0	1750.0	68050.0	85.4	92.52085633566537	91.84366874596027	7.479143664334627	85.40053306805663	100.0	0.0	1.476549928299853	0.0
REF0009-mgg-pbdrep | M301065.lib1	15048926.0	0.0	15048926.0	1.0	7524463.0	7524463.0	13899964.0	13804154.0	1148962.0	12666584.0	15048926.0	0.0	207170.0	0.0	0.0	0.0	2226604379.0	1113298281.0	1113306098.0	2056642772.0	2056642772.0	0.0	0.0	12710522.0	0.006180228	148.0	148.0	148.0	150.0	150.0	150.0	39.0	252.1	97.6	6362838.0	343530.0	3708.0	192001.0	84.2	92.36515615798761	91.72849942912869	7.63484384201238	84.16935534137122	100.0	0.0	1.3766430906763711	0.0
REF0009-mgg-pbdrep | M301066.lib1	8200076.0	0.0	8200076.0	1.0	4100038.0	4100038.0	7586168.0	7533290.0	613908.0	7078354.0	8200076.0	0.0	113069.0	0.0	0.0	0.0	1218876263.0	609437667.0	609438596.0	1127659780.0	1127659780.0	0.0	0.0	6897711.0	0.006116837	149.0	149.0	149.0	150.0	150.0	150.0	39.1	256.7	91.5	3546813.0	141449.0	1930.0	76453.0	86.3	92.51338646129621	91.86853877939669	7.4866135387037875	86.3205901994079	100.0	0.0	1.3788774640625283	0.0
REF0009-mgg-pbdrep | M301067.lib1	188738.0	0.0	188738.0	1.0	94369.0	94369.0	5931.0	5682.0	182807.0	5524.0	188738.0	0.0	262.0	0.0	0.0	0.0	27125206.0	13561889.0	13563317.0	869655.0	869655.0	0.0	0.0	6978.0	0.008023871	144.0	144.0	144.0	150.0	150.0	150.0	39.0	218.8	72.5	2512.0	261.0	36.0	32.0	2.9	3.1424514406213904	3.0105225232862485	96.85754855937861	2.9268085918045124	100.0	0.0	0.13881677245705687	0.0
REF0009-mgg-pbdrep | M301068.lib1	13891366.0	0.0	13891366.0	1.0	6945683.0	6945683.0	12837819.0	12746512.0	1053547.0	11776614.0	13891366.0	0.0	197797.0	0.0	0.0	0.0	2054659533.0	1027327447.0	1027332086.0	1898914638.0	1898914638.0	0.0	0.0	12058967.0	0.006350452	148.0	148.0	148.0	150.0	150.0	150.0	39.0	247.8	95.6	5879145.0	330307.0	3683.0	160121.0	84.8	92.41581425469604	91.75852108424758	7.584185745303953	84.77650074153973	100.0	0.0	1.4238844473610444	0.0
REF0009-mgg-pbdrep | M301069.lib1	12956284.0	0.0	12956284.0	1.0	6478142.0	6478142.0	12013217.0	11920898.0	943067.0	11250186.0	12956284.0	0.0	189568.0	0.0	0.0	0.0	1909354527.0	954673953.0	954680574.0	1770373420.0	1770373420.0	0.0	0.0	10744282.0	0.006068936	147.0	147.0	147.0	150.0	150.0	150.0	39.2	248.6	95.5	5473293.0	367453.0	4992.0	114711.0	86.8	92.72116140708246	92.00861913801828	7.278838592917538	86.83188790860096	100.0	0.0	1.4631355718970038	0.0
REF0009-mgg-pbdrep | M301070.lib1	13116400.0	0.0	13116400.0	1.0	6558200.0	6558200.0	12180500.0	12095690.0	935900.0	11208502.0	13116400.0	0.0	188401.0	0.0	0.0	0.0	1938405079.0	969201614.0	969203465.0	1800166048.0	1800166048.0	0.0	0.0	11359266.0	0.006310121	148.0	148.0	148.0	150.0	150.0	150.0	39.0	245.2	95.6	5561686.0	334121.0	3778.0	148260.0	85.5	92.86465798542282	92.21806288310816	7.13534201457717	85.45410326004087	100.0	0.0	1.4363773596413651	0.0
REF0009-mgg-pbdrep | M301071.lib1	293888.0	0.0	293888.0	1.0	146944.0	146944.0	145245.0	144022.0	148643.0	132580.0	293888.0	0.0	2569.0	0.0	0.0	0.0	42504872.0	21251836.0	21253036.0	21406564.0	21406564.0	0.0	0.0	139807.0	0.006531034	145.0	145.0	145.0	150.0	150.0	150.0	39.0	244.0	97.1	65560.0	4316.0	45.0	2090.0	45.1	49.42188861062718	49.00574368466899	50.57811138937283	45.1124237804878	100.0	0.0	0.8741425304878049	0.0
REF0009-mgg-pbdrep | M301072.lib1	9280416.0	0.0	9280416.0	1.0	4640208.0	4640208.0	8620130.0	8566312.0	660286.0	8293542.0	9280416.0	0.0	130836.0	0.0	0.0	0.0	1376101960.0	688049482.0	688052478.0	1278212412.0	1278212412.0	0.0	0.0	7829790.0	0.006125578	148.0	148.0	148.0	150.0	150.0	150.0	39.1	242.4	82.4	4036327.0	196650.0	1657.0	48522.0	89.4	92.88516807867234	92.30525872978109	7.1148319213276645	89.36605859047698	100.0	0.0	1.4098074913883172	0.0
REF0009-mgg-pbdrep | M301073.lib1	13602076.0	0.0	13602076.0	1.0	6801038.0	6801038.0	12578375.0	12495176.0	1023701.0	11551970.0	13602076.0	0.0	196114.0	0.0	0.0	0.0	1993458979.0	996722939.0	996736040.0	1843529157.0	1843529157.0	0.0	0.0	11529313.0	0.006253935	147.0	147.0	147.0	150.0	150.0	150.0	39.0	236.6	98.3	5602447.0	485274.0	3111.0	156756.0	84.9	92.47393559630163	91.86227161206862	7.526064403698377	84.92799187418156	100.0	0.0	1.4417946201741558	0.0
REF0009-mgg-pbdrep | M301074.lib1	44310.0	0.0	44310.0	1.0	22155.0	22155.0	10040.0	9838.0	34270.0	9418.0	44310.0	0.0	240.0	0.0	0.0	0.0	6284711.0	3142155.0	3142556.0	1465071.0	1465071.0	0.0	0.0	11033.0	0.007530693	142.0	142.0	142.0	150.0	150.0	150.0	39.0	219.8	85.6	4348.0	490.0	19.0	62.0	21.3	22.658542089821708	22.202663055743624	77.34145791017829	21.254795757165425	100.0	0.0	0.5416384563303994	0.0
REF0009-mgg-pbdrep | M301075.lib1	12974640.0	0.0	12974640.0	1.0	6487320.0	6487320.0	12039746.0	11954690.0	934894.0	11113386.0	12974640.0	0.0	187837.0	0.0	0.0	0.0	1924718465.0	962358512.0	962359953.0	1786071454.0	1786071454.0	0.0	0.0	11285201.0	0.006318449	148.0	148.0	148.0	150.0	150.0	150.0	39.0	246.9	92.2	5559116.0	272776.0	3270.0	142183.0	85.7	92.7944513296708	92.1388955685861	7.205548670329195	85.65467712398956	100.0	0.0	1.447724175776746	0.0
REF0009-mgg-pbdrep | M301076.lib1	9437462.0	0.0	9437462.0	1.0	4718731.0	4718731.0	8786618.0	8732770.0	650844.0	8463430.0	9437462.0	0.0	130516.0	0.0	0.0	0.0	1401937644.0	700968302.0	700969342.0	1305294460.0	1305294460.0	0.0	0.0	7905833.0	0.006056743	149.0	149.0	149.0	150.0	150.0	150.0	39.1	239.9	81.5	4125492.0	191985.0	1212.0	47696.0	89.7	93.10361196686144	92.53303483500119	6.89638803313857	89.67908956878449	100.0	0.0	1.3829565618383417	0.0
REF0009-mgg-pbdrep | M301077.lib1	11401058.0	0.0	11401058.0	1.0	5700529.0	5700529.0	10559229.0	10486168.0	841829.0	9763012.0	11401058.0	0.0	163215.0	0.0	0.0	0.0	1683084100.0	841542619.0	841541481.0	1558871043.0	1558871043.0	0.0	0.0	9396083.0	0.006027492	148.0	148.0	148.0	150.0	150.0	150.0	39.2	240.9	94.5	4801059.0	317641.0	3681.0	120703.0	85.6	92.61622035428641	91.9753938625696	7.383779645713583	85.6325088426004	100.0	0.0	1.4315776658622386	0.0
REF0009-mgg-pbdrep | M301078.lib1	129034.0	0.0	129034.0	1.0	64517.0	64517.0	6727.0	6240.0	122307.0	5852.0	129034.0	0.0	450.0	0.0	0.0	0.0	18358766.0	9178322.0	9180444.0	982829.0	982829.0	0.0	0.0	13925.0	0.01416828	142.0	142.0	142.0	150.0	150.0	150.0	39.0	218.4	85.8	2695.0	303.0	65.0	57.0	4.5	5.213354619712634	4.83593471488135	94.78664538028737	4.535238774276547	100.0	0.0	0.34874529193855885	0.0
REF0009-mgg-pbdrep | M301079.lib1	12297458.0	0.0	12297458.0	1.0	6148729.0	6148729.0	11388668.0	11305926.0	908790.0	10538540.0	12297458.0	0.0	175685.0	0.0	0.0	0.0	1824479355.0	912241604.0	912237751.0	1689676666.0	1689676666.0	0.0	0.0	10572529.0	0.006257131	148.0	148.0	148.0	150.0	150.0	150.0	39.0	257.7	94.2	5281457.0	236148.0	3441.0	131917.0	85.7	92.60993613476867	91.93709789454047	7.390063865231335	85.69689768405796	100.0	0.0	1.4286285832405365	0.0
REF0009-mgg-pbdrep | M301080.lib1	14753392.0	0.0	14753392.0	1.0	7376696.0	7376696.0	13641995.0	13542566.0	1111397.0	12731330.0	14753392.0	0.0	209602.0	0.0	0.0	0.0	2191009645.0	1095506755.0	1095502890.0	2026011107.0	2026011107.0	0.0	0.0	12775831.0	0.006305904	149.0	149.0	149.0	150.0	150.0	150.0	39.1	256.4	91.6	6367221.0	264145.0	3262.0	136655.0	86.3	92.46683745676927	91.79289752485394	7.533162543230737	86.29425694104786	100.0	0.0	1.420703794761232	0.0
REF0009-mgg-pbdrep | M301081.lib1	17833188.0	0.0	17833188.0	1.0	8916594.0	8916594.0	16520245.0	16405802.0	1312943.0	15566752.0	17833188.0	0.0	243140.0	0.0	0.0	0.0	2649865957.0	1324939163.0	1324926794.0	2454841488.0	2454841488.0	0.0	0.0	15229369.0	0.006203809	149.0	149.0	149.0	150.0	150.0	150.0	39.1	258.9	90.1	7750272.0	304642.0	3295.0	144692.0	87.3	92.63764280396752	91.99590112547459	7.362357196032477	87.29090951096349	100.0	0.0	1.3634129803375594	0.0
REF0009-mgg-pbdrep | M301082.lib1	12211194.0	0.0	12211194.0	1.0	6105597.0	6105597.0	11295292.0	11222150.0	915902.0	10614832.0	12211194.0	0.0	162332.0	0.0	0.0	0.0	1811544525.0	905769109.0	905775416.0	1675850898.0	1675850898.0	0.0	0.0	10089635.0	0.006020604	148.0	148.0	148.0	150.0	150.0	150.0	39.1	258.5	92.1	5278438.0	227615.0	2425.0	102597.0	86.9	92.49948858399924	91.9005135779515	7.500511416000761	86.92706053150904	100.0	0.0	1.3293704120989316	0.0
REF0009-mgg-pbdrep | M301083.lib1	40968.0	0.0	40968.0	1.0	20484.0	20484.0	341.0	326.0	40627.0	290.0	40968.0	0.0	60.0	0.0	0.0	0.0	5274788.0	2637136.0	2637652.0	49696.0	49696.0	0.0	0.0	798.0	0.01605763	129.0	129.0	129.0	150.0	150.0	150.0	39.0	205.9	90.7	148.0	11.0	0.0	4.0	0.7	0.832356961530951	0.795743018941613	99.16764303846904	0.7078695567272018	100.0	0.0	0.14645577035735208	0.0
REF0009-mgg-pbdrep | M301084.lib1	12124720.0	0.0	12124720.0	1.0	6062360.0	6062360.0	11207834.0	11124304.0	916886.0	10030108.0	12124720.0	0.0	176406.0	0.0	0.0	0.0	1795429869.0	897712843.0	897717026.0	1659721958.0	1659721958.0	0.0	0.0	10874730.0	0.006552139	148.0	148.0	148.0	150.0	150.0	150.0	38.9	257.1	100.7	5123740.0	253733.0	3123.0	181556.0	82.7	92.43787897782381	91.74895585217638	7.562121022176182	82.72445054401257	100.0	0.0	1.454928443708391	0.0
REF0009-mgg-pbdrep | M301085.lib1	16916088.0	0.0	16916088.0	1.0	8458044.0	8458044.0	15589627.0	15477894.0	1326461.0	14528636.0	16916088.0	0.0	245018.0	0.0	0.0	0.0	2509446958.0	1254726223.0	1254720735.0	2313093852.0	2313093852.0	0.0	0.0	15032498.0	0.00649887	148.0	148.0	148.0	150.0	150.0	150.0	39.0	257.5	92.6	7261456.0	313532.0	3786.0	160173.0	85.9	92.158583000987	91.49806976648502	7.841416999013011	85.8865004722132	100.0	0.0	1.4484318123670201	0.0
REF0009-mgg-pbdrep | M301086.lib1	1865466.0	0.0	1865466.0	1.0	932733.0	932733.0	1652626.0	1623146.0	212840.0	1512180.0	1865466.0	0.0	40927.0	0.0	0.0	0.0	272531229.0	136264723.0	136266506.0	242101184.0	242101184.0	0.0	0.0	1906561.0	0.007875059	146.0	146.0	146.0	150.0	150.0	150.0	39.0	237.2	96.6	728436.0	62012.0	3284.0	17841.0	81.1	88.59051840130027	87.01021621407197	11.409481598699735	81.06178295396433	100.0	0.0	2.193929023632701	0.0
REF0009-mgg-pbdrep | M301087.lib1	14317642.0	0.0	14317642.0	1.0	7158821.0	7158821.0	12989873.0	12905506.0	1327769.0	11970530.0	14317642.0	0.0	185718.0	0.0	0.0	0.0	2117389850.0	1058691410.0	1058698440.0	1924169669.0	1924169669.0	0.0	0.0	11248586.0	0.005845943	148.0	148.0	148.0	150.0	150.0	150.0	39.1	254.5	95.3	5998849.0	294477.0	2950.0	156477.0	83.6	90.72634306682623	90.13709100981852	9.273656933173772	83.60685369839531	100.0	0.0	1.2971269989848888	0.0
REF0009-mgg-pbdrep | M301089.lib1	14601652.0	0.0	14601652.0	1.0	7300826.0	7300826.0	13508791.0	13408062.0	1092861.0	12364186.0	14601652.0	0.0	204908.0	0.0	0.0	0.0	2165955801.0	1082977610.0	1082978191.0	2003910078.0	2003910078.0	0.0	0.0	12552931.0	0.006264219	148.0	148.0	148.0	150.0	150.0	150.0	39.0	266.0	98.0	6256573.0	266331.0	3426.0	177701.0	84.7	92.5154975615088	91.82565096058994	7.484502438491206	84.67662426141919	100.0	0.0	1.4033206653603305	0.0
REF0009-mgg-pbdrep | M301090.lib1	2276152.0	0.0	2276152.0	1.0	1138076.0	1138076.0	1882412.0	1844190.0	393740.0	1759168.0	2276152.0	0.0	47976.0	0.0	0.0	0.0	333970106.0	166983032.0	166987074.0	276461197.0	276461197.0	0.0	0.0	2273635.0	0.008224066	147.0	147.0	147.0	150.0	150.0	150.0	39.1	236.2	92.2	840400.0	67213.0	3944.0	10538.0	77.3	82.70150675350328	81.02226916304359	17.29849324649672	77.28692987111582	100.0	0.0	2.1077678467870333	0.0
REF0009-mgg-pbdrep | M301091.lib1	978034.0	0.0	978034.0	1.0	489017.0	489017.0	783790.0	746154.0	194244.0	692196.0	978034.0	0.0	26856.0	0.0	0.0	0.0	143831910.0	71915307.0	71916603.0	115473032.0	115473032.0	0.0	0.0	1174591.0	0.01017199	147.0	147.0	147.0	150.0	150.0	150.0	39.2	244.0	96.1	335850.0	23488.0	6735.0	7004.0	70.8	80.13934075911472	76.29121277992381	19.860659240885287	70.77422666287674	100.0	0.0	2.7459168086181056	0.0
REF0009-mgg-pbdrep | M301092.lib1	23480240.0	0.0	23480240.0	1.0	11740120.0	11740120.0	20284305.0	20071956.0	3195935.0	19448890.0	23480240.0	0.0	437367.0	0.0	0.0	0.0	3473282269.0	1736640778.0	1736641491.0	3000557659.0	3000557659.0	0.0	0.0	22081329.0	0.007359075	148.0	148.0	148.0	150.0	150.0	150.0	39.1	245.3	87.2	9418037.0	529781.0	4949.0	83211.0	82.8	86.38883163034109	85.48445842120864	13.611168369658913	82.83088247820295	100.0	0.0	1.8627024255288702	0.0
REF0009-mgg-pbdrep | M301093.lib1	21973140.0	0.0	21973140.0	1.0	10986570.0	10986570.0	19016331.0	18802238.0	2956809.0	17868556.0	21973140.0	0.0	421130.0	0.0	0.0	0.0	3250619204.0	1625306422.0	1625312782.0	2813271918.0	2813271918.0	0.0	0.0	21514789.0	0.007647604	148.0	148.0	148.0	150.0	150.0	150.0	39.0	256.7	95.6	8808596.0	464506.0	6535.0	121482.0	81.3	86.54352996431098	85.56919038426005	13.456470035689028	81.31999341013619	100.0	0.0	1.916567227078151	0.0
REF0009-mgg-pbdrep | M301094.lib1	23087732.0	0.0	23087732.0	1.0	11543866.0	11543866.0	19959653.0	19750398.0	3128079.0	19006688.0	23087732.0	0.0	455034.0	0.0	0.0	0.0	3410576753.0	1705286550.0	1705290203.0	2948337720.0	2948337720.0	0.0	0.0	22766186.0	0.007721703	148.0	148.0	148.0	150.0	150.0	150.0	39.0	243.4	89.2	9205353.0	561816.0	5004.0	103026.0	82.3	86.45133701309423	85.544989867346	13.548662986905773	82.3237553173261	100.0	0.0	1.9708908609992526	0.0
REF0009-mgg-pbdrep | M301095.lib1	17845438.0	0.0	17845438.0	1.0	8922719.0	8922719.0	15447028.0	15262062.0	2398410.0	14496426.0	17845438.0	0.0	347666.0	0.0	0.0	0.0	2633556005.0	1316779530.0	1316776475.0	2279670378.0	2279670378.0	0.0	0.0	16718066.0	0.007333545	148.0	148.0	148.0	150.0	150.0	150.0	39.1	251.6	95.8	7097395.0	428523.0	8050.0	97063.0	81.2	86.56009451827408	85.52360552876314	13.439905481725917	81.23323170885467	100.0	0.0	1.9482065948731548	0.0
REF0009-mgg-pbdrep | M301096.lib1	86044.0	0.0	86044.0	1.0	43022.0	43022.0	4722.0	4658.0	81322.0	4516.0	86044.0	0.0	151.0	0.0	0.0	0.0	12435782.0	6217765.0	6218017.0	690363.0	690363.0	0.0	0.0	5798.0	0.00839848	145.0	145.0	145.0	150.0	150.0	150.0	39.0	244.0	100.2	2169.0	153.0	0.0	7.0	5.2	5.48788991678676	5.413509367300451	94.51211008321324	5.248477523127702	100.0	0.0	0.17549160894426108	0.0
REF0009-mgg-pbdrep | M301097.lib1	17714498.0	0.0	17714498.0	1.0	8857249.0	8857249.0	15171259.0	14960522.0	2543239.0	13923852.0	17714498.0	0.0	389663.0	0.0	0.0	0.0	2617050432.0	1308525161.0	1308525271.0	2241473823.0	2241473823.0	0.0	0.0	19829335.0	0.008846561	148.0	148.0	148.0	150.0	150.0	150.0	39.0	256.6	101.3	6940672.0	395697.0	10601.0	133291.0	78.6	85.6431776954673	84.45354759700218	14.356822304532704	78.60144837296546	100.0	0.0	2.1996841231402664	0.0
REF0009-mgg-pbdrep | M301098.lib1	2493666.0	0.0	2493666.0	1.0	1246833.0	1246833.0	1874840.0	1849212.0	618826.0	1721608.0	2493666.0	0.0	42500.0	0.0	0.0	0.0	366290898.0	183143393.0	183147505.0	277795007.0	277795007.0	0.0	0.0	2149412.0	0.007737403	147.0	147.0	147.0	150.0	150.0	150.0	39.0	256.0	99.7	862299.0	43618.0	1757.0	16932.0	69.0	75.18408640130635	74.15636256018247	24.81591359869365	69.03923781292282	100.0	0.0	1.7043180602374177	0.0
REF0009-mgg-pbdrep | M301099.lib1	24945756.0	0.0	24945756.0	1.0	12472878.0	12472878.0	21348321.0	21075422.0	3597435.0	19760132.0	24945756.0	0.0	488061.0	0.0	0.0	0.0	3695365087.0	1847683263.0	1847681824.0	3162876486.0	3162876486.0	0.0	0.0	24918442.0	0.007878412	148.0	148.0	148.0	150.0	150.0	150.0	39.0	252.4	96.7	9846002.0	506489.0	12455.0	172765.0	79.2	85.57896982556873	84.48500017397748	14.421030174431273	79.21239989680008	100.0	0.0	1.9564891118152523	0.0
REF0009-mgg-pbdrep | M301100.lib1	1097246.0	0.0	1097246.0	1.0	548623.0	548623.0	162662.0	160614.0	934584.0	157594.0	1097246.0	0.0	4431.0	0.0	0.0	0.0	160516063.0	80256230.0	80259833.0	23675523.0	23675523.0	0.0	0.0	168410.0	0.007113253	146.0	146.0	146.0	150.0	150.0	150.0	38.9	217.3	79.6	71926.0	7873.0	73.0	435.0	14.4	14.824569877675561	14.63792075797041	85.17543012232444	14.362686216217693	100.0	0.0	0.40382922334645105	0.0
REF0009-mgg-pbdrep | M301101.lib1	9055222.0	0.0	9055222.0	1.0	4527611.0	4527611.0	7859776.0	7759602.0	1195446.0	7346556.0	9055222.0	0.0	177630.0	0.0	0.0	0.0	1331027809.0	665512312.0	665515497.0	1155757540.0	1155757540.0	0.0	0.0	8950941.0	0.007744653	147.0	147.0	147.0	150.0	150.0	150.0	39.0	244.5	97.1	3568745.0	257023.0	4970.0	49063.0	81.1	86.79826955098395	85.6920128518108	13.20173044901605	81.13060066335204	100.0	0.0	1.9616305376058147	0.0
REF0009-mgg-pbdrep | M301102.lib1	30964812.0	0.0	30964812.0	1.0	15482406.0	15482406.0	26904807.0	26612730.0	4060005.0	25696978.0	30964812.0	0.0	564691.0	0.0	0.0	0.0	4593934513.0	2296974757.0	2296959756.0	3991622329.0	3991622329.0	0.0	0.0	28624516.0	0.007171148	148.0	148.0	148.0	150.0	150.0	150.0	39.1	249.7	86.8	12593925.0	580115.0	8429.0	123896.0	83.0	86.88832665930606	85.94507210313435	13.111673340693947	82.98767646320604	100.0	0.0	1.8236538946207717	0.0
REF0009-mgg-pbdrep | M301103.lib1	29691304.0	0.0	29691304.0	1.0	14845652.0	14845652.0	25409097.0	25120406.0	4282207.0	23625004.0	29691304.0	0.0	570147.0	0.0	0.0	0.0	4372856956.0	2186419902.0	2186437054.0	3742370477.0	3742370477.0	0.0	0.0	28387008.0	0.007585301	147.0	147.0	147.0	150.0	150.0	150.0	39.0	248.8	99.2	11573574.0	785747.0	9887.0	190995.0	79.6	85.57757180351527	84.60526354787247	14.422428196484734	79.56876531930023	100.0	0.0	1.920249107280704	0.0
REF0009-mgg-pbdrep | M301104.lib1	25196566.0	0.0	25196566.0	1.0	12598283.0	12598283.0	21706697.0	21452576.0	3489869.0	20357954.0	25196566.0	0.0	479458.0	0.0	0.0	0.0	3730770212.0	1865386553.0	1865383659.0	3213992013.0	3213992013.0	0.0	0.0	24388154.0	0.007588119	148.0	148.0	148.0	150.0	150.0	150.0	39.0	255.8	96.1	10052840.0	528121.0	8389.0	136938.0	80.8	86.14942607655345	85.14087197437937	13.850573923446552	80.79654187796861	100.0	0.0	1.902870414960515	0.0
REF0009-mgg-pbdrep | M301105.lib1	1412178.0	0.0	1412178.0	1.0	706089.0	706089.0	11430.0	10722.0	1400748.0	10086.0	1412178.0	0.0	670.0	0.0	0.0	0.0	207516968.0	103755903.0	103761065.0	1664504.0	1664504.0	0.0	0.0	18556.0	0.01114807	147.0	147.0	147.0	150.0	150.0	150.0	38.9	229.2	94.9	4623.0	563.0	78.0	97.0	0.7	0.80938805164788	0.7592527287636545	99.19061194835213	0.7142159132913839	100.0	0.0	0.047444443972360424	0.0
REF0009-mgg-pbdrep | M301106.lib1	160234.0	0.0	160234.0	1.0	80117.0	80117.0	96757.0	94176.0	63477.0	89506.0	160234.0	0.0	3029.0	0.0	0.0	0.0	22982496.0	11486967.0	11495529.0	14068260.0	14068260.0	0.0	0.0	127145.0	0.00903772	143.0	143.0	143.0	150.0	150.0	150.0	39.1	227.2	93.9	41525.0	4660.0	316.0	587.0	55.9	60.38481221213975	58.774042962167826	39.61518778786026	55.859555400227165	100.0	0.0	1.890360347991063	0.0
REF0009-mgg-pbdrep | M301107.lib1	22989162.0	0.0	22989162.0	1.0	11494581.0	11494581.0	19926532.0	19707454.0	3062630.0	18907680.0	22989162.0	0.0	426506.0	0.0	0.0	0.0	3408689986.0	1704353277.0	1704336709.0	2954726483.0	2954726483.0	0.0	0.0	22581288.0	0.007642429	148.0	148.0	148.0	150.0	150.0	150.0	39.0	256.3	90.4	9324827.0	415761.0	5990.0	107149.0	82.2	86.67793980485239	85.72497770906133	13.322060195147609	82.24606012172171	100.0	0.0	1.855248138231398	0.0
REF0009-mgg-pbdrep | M301108.lib1	3134.0	0.0	3134.0	1.0	1567.0	1567.0	53.0	52.0	3081.0	50.0	3134.0	0.0	8.0	0.0	0.0	0.0	411862.0	205830.0	206032.0	7556.0	7556.0	0.0	0.0	125.0	0.01654314	131.0	131.0	131.0	150.0	150.0	150.0	39.1	208.8	81.7	19.0	6.0	0.0	1.0	1.6	1.691129546904914	1.6592214422463305	98.30887045309508	1.595405232929164	100.0	0.0	0.2552648372686663	0.0
REF0009-mgg-pbdrep | M301109.lib1	20635612.0	0.0	20635612.0	1.0	10317806.0	10317806.0	17759281.0	17561136.0	2876331.0	16702348.0	20635612.0	0.0	382034.0	0.0	0.0	0.0	3058998912.0	1529503058.0	1529495854.0	2632803343.0	2632803343.0	0.0	0.0	19582242.0	0.007437791	148.0	148.0	148.0	150.0	150.0	150.0	39.0	262.8	93.8	8307619.0	354480.0	4028.0	114441.0	80.9	86.06132447150101	85.1011154890875	13.938675528498983	80.93943615532217	100.0	0.0	1.8513335102443291	0.0
REF0009-mgg-pbdrep | M301110.lib1	18159730.0	0.0	18159730.0	1.0	9079865.0	9079865.0	15548792.0	15353918.0	2610938.0	14499254.0	18159730.0	0.0	363942.0	0.0	0.0	0.0	2688979280.0	1344491329.0	1344487951.0	2302520356.0	2302520356.0	0.0	0.0	18697732.0	0.00812055	148.0	148.0	148.0	150.0	150.0	150.0	39.0	259.0	97.3	7201425.0	359441.0	6629.0	109464.0	79.8	85.62237434146873	84.54926367297311	14.377625658531269	79.84289413994591	100.0	0.0	2.004115699958094	0.0
REF0009-mgg-pbdrep | M301111.lib1	24157948.0	0.0	24157948.0	1.0	12078974.0	12078974.0	20883221.0	20650086.0	3274727.0	19501178.0	24157948.0	0.0	474787.0	0.0	0.0	0.0	3559178635.0	1779581522.0	1779597113.0	3076651073.0	3076651073.0	0.0	0.0	23588176.0	0.007666835	147.0	147.0	147.0	150.0	150.0	150.0	39.0	244.7	96.9	9507741.0	658156.0	8536.0	150610.0	80.7	86.44451507222385	85.47947035898909	13.55548492777615	80.72365252214301	100.0	0.0	1.9653449042940239	0.0
REF0009-mgg-pbdrep | M301112.lib1	17459466.0	0.0	17459466.0	1.0	8729733.0	8729733.0	15060838.0	14885892.0	2398628.0	14214188.0	17459466.0	0.0	332136.0	0.0	0.0	0.0	2577685116.0	1288852740.0	1288832376.0	2223652665.0	2223652665.0	0.0	0.0	16564233.0	0.00744911	148.0	148.0	148.0	150.0	150.0	150.0	39.1	251.9	94.8	6943141.0	409197.0	4507.0	86101.0	81.4	86.26173331990795	85.25972100177634	13.738266680092048	81.41250139036326	100.0	0.0	1.902326222348381	0.0
REF0009-mgg-pbdrep | M301113.lib1	9857512.0	0.0	9857512.0	1.0	4928756.0	4928756.0	8501081.0	8387288.0	1356431.0	7741582.0	9857512.0	0.0	201476.0	0.0	0.0	0.0	1453411020.0	726704639.0	726706381.0	1253481800.0	1253481800.0	0.0	0.0	10055244.0	0.00802185	147.0	147.0	147.0	150.0	150.0	150.0	39.0	252.8	104.3	3856842.0	249739.0	5585.0	81478.0	78.5	86.23962111331946	85.08524260482767	13.760378886680533	78.5348473326738	100.0	0.0	2.0438828783571354	0.0
REF0009-mgg-pbdrep | M301114.lib1	1713880.0	0.0	1713880.0	1.0	856940.0	856940.0	1365733.0	1353616.0	348147.0	1261602.0	1713880.0	0.0	23375.0	0.0	0.0	0.0	251212119.0	125603562.0	125608557.0	201141757.0	201141757.0	0.0	0.0	1357940.0	0.006751159	147.0	147.0	147.0	150.0	150.0	150.0	39.0	241.9	96.1	617976.0	44277.0	681.0	13874.0	73.6	79.68661749947488	78.97962517795878	20.313382500525123	73.61087123952669	100.0	0.0	1.363864447919341	0.0
REF0009-mgg-pbdrep | M301115.lib1	32985426.0	0.0	32985426.0	1.0	16492713.0	16492713.0	28488897.0	28159006.0	4496529.0	26880314.0	32985426.0	0.0	639261.0	0.0	0.0	0.0	4890230394.0	2445131341.0	2445099053.0	4223808911.0	4223808911.0	0.0	0.0	32060299.0	0.007590376	148.0	148.0	148.0	150.0	150.0	150.0	39.1	251.6	92.2	13249727.0	654375.0	9146.0	166255.0	81.5	86.36813421782092	85.36802283529703	13.631865782179077	81.49148657349461	100.0	0.0	1.9380104413385473	0.0
REF0009-mgg-pbdrep | M301116.lib1	25401794.0	0.0	25401794.0	1.0	12700897.0	12700897.0	21800179.0	21531190.0	3601615.0	20726170.0	25401794.0	0.0	482685.0	0.0	0.0	0.0	3769877329.0	1884952520.0	1884924809.0	3235530856.0	3235530856.0	0.0	0.0	24390768.0	0.007538413	148.0	148.0	148.0	150.0	150.0	150.0	39.0	257.4	88.0	10234657.0	410277.0	5935.0	114726.0	81.6	85.82141481818174	84.76247779979634	14.17858518181826	81.59333155760574	100.0	0.0	1.9002004346622132	0.0
REF0009-mgg-pbdrep | M301117.lib1	1593256.0	0.0	1593256.0	1.0	796628.0	796628.0	520141.0	514694.0	1073115.0	496768.0	1593256.0	0.0	9932.0	0.0	0.0	0.0	235188443.0	117593000.0	117595443.0	77215150.0	77215150.0	0.0	0.0	542813.0	0.007029877	148.0	148.0	148.0	150.0	150.0	150.0	39.0	252.0	87.6	244242.0	10447.0	244.0	2414.0	31.2	32.64641714828	32.30453863032683	67.35358285171999	31.179421260613488	100.0	0.0	0.6233775363155701	0.0
REF0009-mgg-pbdrep | M301118.lib1	19698200.0	0.0	19698200.0	1.0	9849100.0	9849100.0	17141503.0	16935186.0	2556697.0	15931480.0	19698200.0	0.0	364134.0	0.0	0.0	0.0	2926371128.0	1463198325.0	1463172803.0	2546646562.0	2546646562.0	0.0	0.0	19415627.0	0.007623998	149.0	149.0	149.0	150.0	150.0	150.0	39.0	264.5	95.5	8022064.0	302630.0	6074.0	136825.0	80.9	87.02065670975013	85.97326659288666	12.97934329024987	80.8778467068057	100.0	0.0	1.8485648434882374	0.0
REF0009-mgg-pbdrep | M301119.lib1	22339476.0	0.0	22339476.0	1.0	11169738.0	11169738.0	19231692.0	18995688.0	3107784.0	18221008.0	22339476.0	0.0	432103.0	0.0	0.0	0.0	3312328751.0	1656170362.0	1656158389.0	2851755186.0	2851755186.0	0.0	0.0	21606597.0	0.007576596	148.0	148.0	148.0	150.0	150.0	150.0	39.1	253.7	90.2	8976553.0	409240.0	8070.0	103981.0	81.6	86.08837557335723	85.0319318143362	13.911624426642774	81.56416918642138	100.0	0.0	1.9342575448054375	0.0
REF0009-mgg-pbdrep | M301120.lib1	299236.0	0.0	299236.0	1.0	149618.0	149618.0	125426.0	123732.0	173810.0	118872.0	299236.0	0.0	2721.0	0.0	0.0	0.0	43819899.0	21909268.0	21910631.0	18569245.0	18569245.0	0.0	0.0	153549.0	0.008268996	146.0	146.0	146.0	150.0	150.0	150.0	39.0	250.5	90.3	57973.0	3182.0	83.0	628.0	39.7	41.91541124730981	41.34930289136334	58.08458875269018	39.7251667580104	100.0	0.0	0.9093157240438984	0.0
REF0009-mgg-pbdrep | M301121.lib1	18149936.0	0.0	18149936.0	1.0	9074968.0	9074968.0	15602539.0	15400212.0	2547397.0	14358512.0	18149936.0	0.0	363923.0	0.0	0.0	0.0	2682437616.0	1341216688.0	1341220928.0	2306150136.0	2306150136.0	0.0	0.0	18121520.0	0.007857909	148.0	148.0	148.0	150.0	150.0	150.0	39.0	249.4	99.4	7138756.0	419295.0	8791.0	133264.0	79.1	85.96470533009042	84.84995208798533	14.035294669909579	79.1105379104367	100.0	0.0	2.0050924697475514	0.0
REF0009-mgg-pbdrep | M301122.lib1	23552558.0	0.0	23552558.0	1.0	11776279.0	11776279.0	20306523.0	20086768.0	3246035.0	19408300.0	23552558.0	0.0	450240.0	0.0	0.0	0.0	3475803019.0	1737906564.0	1737896455.0	2996791653.0	2996791653.0	0.0	0.0	22398708.0	0.00747423	148.0	148.0	148.0	150.0	150.0	150.0	39.1	241.1	88.6	9326698.0	617701.0	6152.0	92833.0	82.4	86.21790889974669	85.28486799607924	13.782091100253313	82.4042127398646	100.0	0.0	1.9116394915575623	0.0
REF0009-mgg-pbdrep | M301123.lib1	938946.0	0.0	938946.0	1.0	469473.0	469473.0	766526.0	757158.0	172420.0	720528.0	938946.0	0.0	17023.0	0.0	0.0	0.0	138075992.0	69037338.0	69038654.0	113055078.0	113055078.0	0.0	0.0	875994.0	0.007748383	147.0	147.0	147.0	150.0	150.0	150.0	39.0	247.6	94.6	350145.0	23068.0	511.0	4855.0	76.7	81.63685664564309	80.63914218709063	18.363143354356907	76.73795937146545	100.0	0.0	1.8129903104118872	0.0
REF0009-mgg-pbdrep | M301124.lib1	22459280.0	0.0	22459280.0	1.0	11229640.0	11229640.0	19397595.0	19177766.0	3061685.0	18589604.0	22459280.0	0.0	425902.0	0.0	0.0	0.0	3327074128.0	1663543508.0	1663530620.0	2873572270.0	2873572270.0	0.0	0.0	21152477.0	0.007361038	148.0	148.0	148.0	150.0	150.0	150.0	39.1	245.5	86.3	9024149.0	478068.0	6744.0	79922.0	82.8	86.36783993075468	85.38905076209032	13.63216006924532	82.77025799580396	100.0	0.0	1.8963297131519798	0.0
REF0009-mgg-pbdrep | M301125.lib1	64686044.0	0.0	64686044.0	1.0	32343022.0	32343022.0	57165768.0	56593612.0	7520276.0	54241060.0	64686044.0	0.0	1244435.0	0.0	0.0	0.0	9462862730.0	4731384108.0	4731478622.0	8362823362.0	8362823362.0	0.0	0.0	60868423.0	0.007278454	146.0	146.0	146.0	150.0	150.0	150.0	39.1	228.4	89.3	25621946.0	2340439.0	20255.0	314166.0	83.9	88.37419088420371	87.48967860826363	11.625809115796292	83.85280138633922	100.0	0.0	1.9238075526770502	0.0
REF0009-mgg-pbdrep | M301126.lib1	17337524.0	0.0	17337524.0	1.0	8668762.0	8668762.0	15096366.0	14915168.0	2241158.0	13985978.0	17337524.0	0.0	341922.0	0.0	0.0	0.0	2568736783.0	1284370161.0	1284366622.0	2236634514.0	2236634514.0	0.0	0.0	17426653.0	0.007791461	148.0	148.0	148.0	150.0	150.0	150.0	39.0	252.3	96.2	6970313.0	356161.0	5963.0	125147.0	80.7	87.07336756967142	86.02824717070327	12.926632430328574	80.66883137407626	100.0	0.0	1.9721501178599665	0.0
REF0009-mgg-pbdrep | M301127.lib1	293112.0	0.0	293112.0	1.0	146556.0	146556.0	178859.0	176558.0	114253.0	165264.0	293112.0	0.0	4813.0	0.0	0.0	0.0	43282553.0	21640872.0	21641681.0	26545451.0	26545451.0	0.0	0.0	228309.0	0.008600682	148.0	148.0	148.0	150.0	150.0	150.0	39.0	264.6	98.0	83049.0	3546.0	60.0	1624.0	56.4	61.02070198422446	60.235677829635094	38.97929801577554	56.382543191681	100.0	0.0	1.6420344441715113	0.0
REF0009-mgg-pbdrep | M301128.lib1	24481000.0	0.0	24481000.0	1.0	12240500.0	12240500.0	21117885.0	20868006.0	3363115.0	19803572.0	24481000.0	0.0	472714.0	0.0	0.0	0.0	3629171338.0	1814594418.0	1814576920.0	3130826578.0	3130826578.0	0.0	0.0	22633375.0	0.007229201	148.0	148.0	148.0	150.0	150.0	150.0	39.2	257.8	94.9	9812023.0	475423.0	6876.0	139681.0	80.9	86.26234630938279	85.24164045586373	13.737653690617213	80.89363996568768	100.0	0.0	1.9309423634655445	0.0
REF0009-mgg-pbdrep | M301129.lib1	8135048.0	0.0	8135048.0	1.0	4067524.0	4067524.0	6032232.0	5396730.0	2102816.0	4645680.0	8135048.0	0.0	349565.0	0.0	0.0	0.0	1203659333.0	601829467.0	601829866.0	893420700.0	893420700.0	0.0	0.0	14168902.0	0.01585916	148.0	148.0	148.0	150.0	150.0	150.0	38.9	261.2	109.2	2371252.0	128970.0	84127.0	114016.0	57.1	74.1511543631949	66.33925208554393	25.848845636805095	57.10697711924995	100.0	0.0	4.297024430587257	0.0
REF0009-mgg-pbdrep | M301130.lib1	22012698.0	0.0	22012698.0	1.0	11006349.0	11006349.0	18399716.0	18198138.0	3612982.0	17505236.0	22012698.0	0.0	407771.0	0.0	0.0	0.0	3271838444.0	1635926353.0	1635912091.0	2735083501.0	2735083501.0	0.0	0.0	19986023.0	0.007307281	149.0	149.0	149.0	150.0	150.0	150.0	39.1	254.2	88.4	8648284.0	351662.0	4470.0	94653.0	79.5	83.58682792995207	82.67109283923307	16.41317207004793	79.52335511076379	100.0	0.0	1.8524353534491773	0.0
REF0009-mgg-pbdrep | M301131.lib1	15438.0	0.0	15438.0	1.0	7719.0	7719.0	84.0	68.0	15354.0	64.0	15438.0	0.0	2.0	0.0	0.0	0.0	1535563.0	732002.0	803561.0	12288.0	12288.0	0.0	0.0	121.0	0.009847005	99.0	95.0	104.0	150.0	150.0	150.0	34.7	275.7	100.7	32.0	1.0	0.0	1.0	0.4	0.5441119315973572	0.440471563674051	99.45588806840264	0.4145614716932245	100.0	0.0	0.012955045990413265	0.0
REF0009-mgg-pbdrep | M301132.lib1	542058.0	0.0	542058.0	1.0	271029.0	271029.0	72245.0	71316.0	469813.0	69800.0	542058.0	0.0	2580.0	0.0	0.0	0.0	78148076.0	39072025.0	39076051.0	10635144.0	10635144.0	0.0	0.0	89651.0	0.008429693	144.0	144.0	144.0	150.0	150.0	150.0	39.0	230.0	81.8	32876.0	2498.0	2.0	282.0	12.9	13.327909559493634	13.156525685443254	86.67209044050637	12.876850816702271	100.0	0.0	0.47596382674916704	0.0
REF0009-mgg-pbdrep | M301133.lib1	25272718.0	0.0	25272718.0	1.0	12636359.0	12636359.0	21952436.0	21716188.0	3320282.0	20769802.0	25272718.0	0.0	469263.0	0.0	0.0	0.0	3751652810.0	1875834740.0	1875818070.0	3258883982.0	3258883982.0	0.0	0.0	24144411.0	0.007408797	148.0	148.0	148.0	150.0	150.0	150.0	39.1	255.0	91.0	10263105.0	458144.0	5377.0	131468.0	82.2	86.86218870483182	85.92739411724533	13.137811295168172	82.18269993753738	100.0	0.0	1.8567967244362085	0.0
REF0009-mgg-pbdrep | M301134.lib1	5845828.0	0.0	5845828.0	1.0	2922914.0	2922914.0	4920329.0	4840658.0	925499.0	4555574.0	5845828.0	0.0	125479.0	0.0	0.0	0.0	863900348.0	431950476.0	431949872.0	728008867.0	728008867.0	0.0	0.0	5918660.0	0.008129928	148.0	148.0	148.0	150.0	150.0	150.0	39.1	251.8	96.9	2249945.0	128707.0	5527.0	36150.0	77.9	84.16821363885492	82.80534425576668	15.831786361145076	77.92863560132115	100.0	0.0	2.146470953302081	0.0
REF0009-mgg-pbdrep | M301135.lib1	20358.0	0.0	20358.0	1.0	10179.0	10179.0	394.0	366.0	19964.0	366.0	20358.0	0.0	45.0	0.0	0.0	0.0	2729894.0	1357376.0	1372518.0	55796.0	55796.0	0.0	0.0	773.0	0.01385404	134.0	133.0	135.0	150.0	150.0	150.0	38.8	226.2	101.0	149.0	34.0	0.0	0.0	1.8	1.9353571077709009	1.7978190391983495	98.0646428922291	1.7978190391983495	100.0	0.0	0.22104332449160036	0.0
REF0009-mgg-pbdrep | M301136.lib1	20591864.0	0.0	20591864.0	1.0	10295932.0	10295932.0	17581970.0	17369138.0	3009894.0	16476654.0	20591864.0	0.0	434307.0	0.0	0.0	0.0	3042943158.0	1521470757.0	1521472401.0	2598325050.0	2598325050.0	0.0	0.0	21023445.0	0.008091153	148.0	148.0	148.0	150.0	150.0	150.0	39.0	244.5	93.0	8063992.0	493461.0	6518.0	120598.0	80.0	85.38309110821633	84.34951784840847	14.616908891783668	80.01535946430106	100.0	0.0	2.1091194075485347	0.0
REF0009-mgg-pbdrep | M301137.lib1	21478524.0	0.0	21478524.0	1.0	10739262.0	10739262.0	18518236.0	18303128.0	2960288.0	17458900.0	21478524.0	0.0	455582.0	0.0	0.0	0.0	3158865023.0	1579428619.0	1579436404.0	2723722408.0	2723722408.0	0.0	0.0	21483923.0	0.007887707	147.0	147.0	147.0	150.0	150.0	150.0	39.1	236.3	92.1	8387455.0	645229.0	7505.0	111375.0	81.3	86.21745144126291	85.21594873092769	13.78254855873709	81.28538069003251	100.0	0.0	2.1211047835503036	0.0
REF0009-mgg-pbdrep | M301138.lib1	3353586.0	0.0	3353586.0	1.0	1676793.0	1676793.0	2517588.0	2495946.0	835998.0	2335420.0	3353586.0	0.0	40484.0	0.0	0.0	0.0	493011446.0	246502754.0	246508692.0	371792714.0	371792714.0	0.0	0.0	2352883.0	0.006328481	147.0	147.0	147.0	150.0	150.0	150.0	39.0	238.8	91.9	1144699.0	74916.0	1284.0	27074.0	69.6	75.07152045601335	74.4261814070073	24.928479543986644	69.63948442055758	100.0	0.0	1.2071853830496668	0.0
REF0009-mgg-pbdrep | M301139.lib1	21704392.0	0.0	21704392.0	1.0	10852196.0	10852196.0	19827121.0	19646208.0	1877271.0	18098230.0	21704392.0	0.0	328922.0	0.0	0.0	0.0	3212127720.0	1606073845.0	1606053875.0	2936421517.0	2936421517.0	0.0	0.0	19090210.0	0.006501182	148.0	148.0	148.0	150.0	150.0	150.0	39.0	246.7	95.2	9055361.0	496865.0	10110.0	260768.0	83.4	91.35073214674708	90.51720038967228	8.649267853252928	83.38510472903364	100.0	0.0	1.515462861157318	0.0
REF0009-mgg-pbdrep | M301140.lib1	7597326.0	0.0	7597326.0	1.0	3798663.0	3798663.0	6934250.0	6875684.0	663076.0	6523808.0	7597326.0	0.0	113725.0	0.0	0.0	0.0	1129541146.0	564777158.0	564763988.0	1031272226.0	1031272226.0	0.0	0.0	6752375.0	0.006547616	149.0	149.0	149.0	150.0	150.0	150.0	39.1	254.0	88.4	3252328.0	124201.0	1832.0	59481.0	85.9	91.27224499777948	90.50136850781446	8.727755002220517	85.86979155560786	100.0	0.0	1.4969082542989467	0.0
REF0009-mgg-pbdrep | M301141.lib1	24384024.0	0.0	24384024.0	1.0	12192012.0	12192012.0	22694095.0	22509036.0	1689929.0	21012764.0	24384024.0	0.0	370468.0	0.0	0.0	0.0	3613714975.0	1806866918.0	1806848057.0	3363421398.0	3363421398.0	0.0	0.0	21649413.0	0.006436723	148.0	148.0	148.0	150.0	150.0	150.0	39.1	244.4	91.8	10430717.0	563165.0	7608.0	253028.0	86.2	93.06952371766039	92.31058827698004	6.930476282339618	86.17430822738692	100.0	0.0	1.5193062474019874	0.0
REF0009-mgg-pbdrep | M301142.lib1	9241338.0	0.0	9241338.0	1.0	4620669.0	4620669.0	8077042.0	7994958.0	1164296.0	7467306.0	9241338.0	0.0	147126.0	0.0	0.0	0.0	1368763483.0	684380629.0	684382854.0	1197455666.0	1197455666.0	0.0	0.0	8451220.0	0.007057648	148.0	148.0	148.0	150.0	150.0	150.0	39.0	246.2	91.5	3704335.0	195639.0	4273.0	93232.0	80.8	87.4012183084311	86.512991949867	12.598781691568906	80.80329926250938	100.0	0.0	1.5920421912930791	0.0
REF0009-mgg-pbdrep | M301143.lib1	24524898.0	0.0	24524898.0	1.0	12262449.0	12262449.0	22871052.0	22667318.0	1653846.0	20728068.0	24524898.0	0.0	364402.0	0.0	0.0	0.0	3656604558.0	1828312738.0	1828291820.0	3410189224.0	3410189224.0	0.0	0.0	22203551.0	0.006510944	149.0	149.0	149.0	150.0	150.0	150.0	39.0	270.1	94.3	10702460.0	290244.0	10575.0	330380.0	84.5	93.25646125011406	92.42573812131654	6.743538749885933	84.5184677220676	100.0	0.0	1.4858451195189475	0.0
REF0009-mgg-pbdrep | M301144.lib1	21336348.0	0.0	21336348.0	1.0	10668174.0	10668174.0	19828355.0	19694012.0	1507993.0	18822932.0	21336348.0	0.0	304154.0	0.0	0.0	0.0	3154025490.0	1577017084.0	1577008406.0	2931145776.0	2931145776.0	0.0	0.0	17390740.0	0.005933086	148.0	148.0	148.0	150.0	150.0	150.0	39.2	238.1	87.4	9116517.0	576165.0	4301.0	150023.0	88.2	92.93228156946071	92.30263773350529	7.067718430539284	88.22002715741232	100.0	0.0	1.425520431144074	0.0
REF0009-mgg-pbdrep | M301145.lib1	316190.0	0.0	316190.0	1.0	158095.0	158095.0	113570.0	112046.0	202620.0	104260.0	316190.0	0.0	2569.0	0.0	0.0	0.0	45507942.0	22753348.0	22754594.0	16709678.0	16709678.0	0.0	0.0	120304.0	0.00719966	144.0	144.0	144.0	150.0	150.0	150.0	38.9	238.7	94.0	50591.0	3860.0	179.0	1393.0	33.0	35.918276985356904	35.43628830766312	64.0817230146431	32.97384484012777	100.0	0.0	0.8124861633827761	0.0
REF0009-mgg-pbdrep | M301146.lib1	15474026.0	0.0	15474026.0	1.0	7737013.0	7737013.0	10240734.0	10149422.0	5233292.0	9698342.0	15474026.0	0.0	184640.0	0.0	0.0	0.0	2273919439.0	1136951991.0	1136967448.0	1506692410.0	1506692410.0	0.0	0.0	10520215.0	0.006982325	147.0	147.0	147.0	150.0	150.0	150.0	39.1	237.9	90.3	4644064.0	351131.0	3654.0	75862.0	62.7	66.18015246969341	65.59005393942081	33.81984753030659	62.674975471800295	100.0	0.0	1.1932253441993699	0.0
REF0009-mgg-pbdrep | M301147.lib1	8304.0	0.0	8304.0	1.0	4152.0	4152.0	257.0	242.0	8047.0	226.0	8304.0	0.0	7.0	0.0	0.0	0.0	1100698.0	548927.0	551771.0	37674.0	37674.0	0.0	0.0	262.0	0.006954398	133.0	132.0	133.0	150.0	150.0	150.0	38.8	251.1	91.5	108.0	8.0	1.0	4.0	2.7	3.094894026974952	2.914258188824663	96.90510597302506	2.7215799614643545	100.0	0.0	0.08429672447013488	0.0
REF0009-mgg-pbdrep | M301148.lib1	5717254.0	0.0	5717254.0	1.0	2858627.0	2858627.0	4495698.0	4458734.0	1221556.0	4227734.0	5717254.0	0.0	71860.0	0.0	0.0	0.0	846599265.0	423303961.0	423295304.0	666102422.0	666102422.0	0.0	0.0	4263822.0	0.006401151	148.0	148.0	148.0	150.0	150.0	150.0	39.1	249.2	90.3	2082629.0	106022.0	1160.0	39556.0	73.9	78.63386863693654	77.98733447910483	21.366131363063456	73.94693326551523	100.0	0.0	1.2568971047989121	0.0
REF0009-mgg-pbdrep | M301149.lib1	1717830.0	0.0	1717830.0	1.0	858915.0	858915.0	1490091.0	1475648.0	227739.0	1360472.0	1717830.0	0.0	27960.0	0.0	0.0	0.0	253194828.0	126597155.0	126597673.0	219957390.0	219957390.0	0.0	0.0	1606670.0	0.00730446	147.0	147.0	147.0	150.0	150.0	150.0	39.0	248.1	97.4	675778.0	41737.0	786.0	19523.0	79.2	86.74263460295838	85.90186456168539	13.257365397041617	79.19712660740585	100.0	0.0	1.6276348649167844	0.0
REF0009-mgg-pbdrep | M301150.lib1	182154.0	0.0	182154.0	1.0	91077.0	91077.0	30863.0	30444.0	151291.0	29212.0	182154.0	0.0	660.0	0.0	0.0	0.0	26463094.0	13231072.0	13232022.0	4531168.0	4531168.0	0.0	0.0	31163.0	0.006877476	145.0	145.0	145.0	150.0	150.0	150.0	39.0	228.1	84.7	13765.0	1220.0	11.0	226.0	16.0	16.94335562216586	16.713330478606014	83.05664437783415	16.036979698496875	100.0	0.0	0.362330775058467	0.0
REF0009-mgg-pbdrep | M301151.lib1	4529122.0	0.0	4529122.0	1.0	2264561.0	2264561.0	3798129.0	3762548.0	730993.0	3469566.0	4529122.0	0.0	64846.0	0.0	0.0	0.0	668386069.0	334195826.0	334190243.0	561194855.0	561194855.0	0.0	0.0	3604699.0	0.006423257	148.0	148.0	148.0	150.0	150.0	150.0	39.0	246.7	96.5	1726301.0	103763.0	1967.0	49243.0	76.6	83.86016097601257	83.0745561722559	16.13983902398743	76.60570856779746	100.0	0.0	1.4317565302943926	0.0
REF0009-mgg-pbdrep | M301152.lib1	19630516.0	0.0	19630516.0	1.0	9815258.0	9815258.0	18165650.0	18006436.0	1464866.0	16364858.0	19630516.0	0.0	297461.0	0.0	0.0	0.0	2910412725.0	1455220563.0	1455192162.0	2693339100.0	2693339100.0	0.0	0.0	17858180.0	0.006630498	148.0	148.0	148.0	150.0	150.0	150.0	39.0	255.2	98.6	8323896.0	397847.0	6614.0	274861.0	83.4	92.53781204732469	91.72675848153966	7.462187952675315	83.36438023330615	100.0	0.0	1.5152989355959874	0.0
REF0009-mgg-pbdrep | M301153.lib1	18645984.0	0.0	18645984.0	1.0	9322992.0	9322992.0	13922450.0	13812918.0	4723534.0	12933684.0	18645984.0	0.0	229677.0	0.0	0.0	0.0	2747981856.0	1373974331.0	1374007525.0	2054529552.0	2054529552.0	0.0	0.0	13235388.0	0.006442053	147.0	147.0	147.0	150.0	150.0	150.0	39.0	239.8	93.4	6321392.0	430866.0	6216.0	147985.0	69.4	74.66728492312339	74.0798554798717	25.332715076876607	69.36444866626508	100.0	0.0	1.2317773092586586	0.0
REF0009-mgg-pbdrep | M301154.lib1	20033864.0	0.0	20033864.0	1.0	10016932.0	10016932.0	18498169.0	18326748.0	1535695.0	16021772.0	20033864.0	0.0	295644.0	0.0	0.0	0.0	2976850060.0	1488440054.0	1488410006.0	2748902819.0	2748902819.0	0.0	0.0	17554126.0	0.006385866	149.0	149.0	149.0	150.0	150.0	150.0	39.0	265.7	104.1	8454877.0	318019.0	8186.0	382292.0	80.0	92.334504217459	91.47884801454178	7.665495782541002	79.97344895622732	100.0	0.0	1.4757213086801426	0.0
REF0009-mgg-pbdrep | M301155.lib1	1471174.0	0.0	1471174.0	1.0	735587.0	735587.0	1330081.0	1317716.0	141093.0	1169452.0	1471174.0	0.0	23505.0	0.0	0.0	0.0	217506791.0	108753993.0	108752798.0	197003179.0	197003179.0	0.0	0.0	1386190.0	0.007036384	148.0	148.0	148.0	150.0	150.0	150.0	39.0	260.7	103.4	607222.0	27363.0	451.0	23822.0	79.5	90.40949608951763	89.56901087158963	9.590503910482377	79.49107311575652	100.0	0.0	1.5977036027009721	0.0
REF0009-mgg-pbdrep | M301156.lib1	302390.0	0.0	302390.0	1.0	151195.0	151195.0	99426.0	96248.0	202964.0	86634.0	302390.0	0.0	4139.0	0.0	0.0	0.0	44079666.0	22039352.0	22040314.0	14766186.0	14766186.0	0.0	0.0	149673.0	0.0101362	146.0	146.0	146.0	150.0	150.0	150.0	38.9	264.4	101.4	44500.0	1912.0	305.0	1407.0	28.6	32.88005555739277	31.829094877476106	67.11994444260722	28.64975693640663	100.0	0.0	1.3687621945170143	0.0
REF0009-mgg-pbdrep | M301157.lib1	19219080.0	0.0	19219080.0	1.0	9609540.0	9609540.0	17741636.0	17585388.0	1477444.0	15600810.0	19219080.0	0.0	286211.0	0.0	0.0	0.0	2857031359.0	1428520641.0	1428510718.0	2637603979.0	2637603979.0	0.0	0.0	17978456.0	0.006816207	149.0	149.0	149.0	150.0	150.0	150.0	38.9	268.0	100.4	8178131.0	280489.0	5488.0	328586.0	81.2	92.31261850203028	91.49963473797914	7.687381497969725	81.17355253217116	100.0	0.0	1.4892023967848615	0.0
REF0009-mgg-pbdrep | M301158.lib1	12610522.0	0.0	12610522.0	1.0	6305261.0	6305261.0	11614686.0	11511730.0	995836.0	10091398.0	12610522.0	0.0	194082.0	0.0	0.0	0.0	1862870459.0	931436747.0	931433712.0	1716280824.0	1716280824.0	0.0	0.0	11339475.0	0.006607004	148.0	148.0	148.0	150.0	150.0	150.0	39.0	263.9	105.8	5250843.0	263472.0	4662.0	236888.0	80.0	92.10313419222456	91.28670486439816	7.896865807775444	80.02363423179469	100.0	0.0	1.5390481060181331	0.0
REF0009-mgg-pbdrep | M301159.lib1	19383076.0	0.0	19383076.0	1.0	9691538.0	9691538.0	17691202.0	17525080.0	1691874.0	15332000.0	19383076.0	0.0	279174.0	0.0	0.0	0.0	2877525919.0	1438779806.0	1438746113.0	2627125171.0	2627125171.0	0.0	0.0	17103821.0	0.00651047	148.0	148.0	148.0	150.0	150.0	150.0	39.0	280.8	104.1	8106830.0	283434.0	6937.0	365339.0	79.1	91.27138540859046	90.41433877677619	8.728614591409537	79.09993233272161	100.0	0.0	1.4402977112611022	0.0
REF0009-mgg-pbdrep | M301160.lib1	245168.0	0.0	245168.0	1.0	122584.0	122584.0	32043.0	30950.0	213125.0	27446.0	245168.0	0.0	1150.0	0.0	0.0	0.0	35652443.0	17826173.0	17826270.0	4744172.0	4744172.0	0.0	0.0	46290.0	0.009757235	145.0	145.0	145.0	150.0	150.0	150.0	38.9	275.1	111.2	14143.0	760.0	141.0	431.0	11.2	13.06981335247667	12.623996606408665	86.93018664752333	11.194772564119297	100.0	0.0	0.46906610976962737	0.0
REF0009-mgg-pbdrep | M301161.lib1	15055412.0	0.0	15055412.0	1.0	7527706.0	7527706.0	13929469.0	13797200.0	1125943.0	11801662.0	15055412.0	0.0	218431.0	0.0	0.0	0.0	2240929165.0	1120476096.0	1120453069.0	2073581584.0	2073581584.0	0.0	0.0	13752382.0	0.006632187	149.0	149.0	149.0	150.0	150.0	150.0	38.9	276.9	105.8	6365021.0	197188.0	5779.0	330612.0	78.4	92.52134049868579	91.64279263828847	7.478659501314213	78.38817031377155	100.0	0.0	1.4508470442389754	0.0
REF0009-mgg-pbdrep | M301162.lib1	31753572.0	0.0	31753572.0	1.0	15876786.0	15876786.0	29307531.0	29061826.0	2446041.0	26578032.0	31753572.0	0.0	467152.0	0.0	0.0	0.0	4706278689.0	2353149642.0	2353129047.0	4344406115.0	4344406115.0	0.0	0.0	28275101.0	0.006508393	148.0	148.0	148.0	150.0	150.0	150.0	39.0	257.6	97.5	13464098.0	634688.0	13003.0	419124.0	83.7	92.29680049853918	91.52301353687075	7.703199501460813	83.70092032480629	100.0	0.0	1.471179368418772	0.0
REF0009-mgg-pbdrep | M301163.lib1	17605170.0	0.0	17605170.0	1.0	8802585.0	8802585.0	16328108.0	16203422.0	1277062.0	14918032.0	17605170.0	0.0	253495.0	0.0	0.0	0.0	2600309910.0	1300155430.0	1300154480.0	2411825973.0	2411825973.0	0.0	0.0	15163561.0	0.006287171	148.0	148.0	148.0	150.0	150.0	150.0	39.0	256.9	99.0	7465074.0	413218.0	5740.0	217679.0	84.7	92.7460967431726	92.03786160542613	7.253903256827397	84.73665406241462	100.0	0.0	1.4398895324498429	0.0
REF0009-mgg-pbdrep | M301164.lib1	24568196.0	0.0	24568196.0	1.0	12284098.0	12284098.0	22705157.0	22517984.0	1863039.0	20247966.0	24568196.0	0.0	366282.0	0.0	0.0	0.0	3639457865.0	1819734632.0	1819723233.0	3363555375.0	3363555375.0	0.0	0.0	22250422.0	0.00661515	148.0	148.0	148.0	150.0	150.0	150.0	39.0	254.9	101.2	10356756.0	519509.0	8545.0	374182.0	82.4	92.41686691200282	91.65501610293244	7.583133087997182	82.41535520149709	100.0	0.0	1.4908786953669695	0.0
REF0009-mgg-pbdrep | M301165.lib1	911160.0	0.0	911160.0	1.0	455580.0	455580.0	684865.0	666224.0	226295.0	609254.0	911160.0	0.0	24451.0	0.0	0.0	0.0	133342877.0	66669206.0	66673671.0	100695725.0	100695725.0	0.0	0.0	952746.0	0.009461633	146.0	146.0	146.0	150.0	150.0	150.0	39.0	244.3	98.5	299066.0	22303.0	2372.0	9371.0	66.9	75.16407656174546	73.11822292462355	24.835923438254532	66.86575354493174	100.0	0.0	2.6835023486544625	0.0
REF0009-mgg-pbdrep | M301166.lib1	15907036.0	0.0	15907036.0	1.0	7953518.0	7953518.0	14692324.0	14556716.0	1214712.0	12416482.0	15907036.0	0.0	237556.0	0.0	0.0	0.0	2356310206.0	1178140644.0	1178169562.0	2176672136.0	2176672136.0	0.0	0.0	14715025.0	0.006760331	148.0	148.0	148.0	150.0	150.0	150.0	38.9	272.2	110.4	6630917.0	287602.0	6397.0	353442.0	78.1	92.36368107798334	91.51117782093408	7.636318922016646	78.05654051452451	100.0	0.0	1.4934020391982517	0.0
REF0009-mgg-pbdrep | M301167.lib1	160138.0	0.0	160138.0	1.0	80069.0	80069.0	21756.0	21366.0	138382.0	19746.0	160138.0	0.0	664.0	0.0	0.0	0.0	23003126.0	11501248.0	11501878.0	3189736.0	3189736.0	0.0	0.0	26848.0	0.008416997	144.0	144.0	144.0	150.0	150.0	150.0	38.9	241.6	99.9	9634.0	780.0	20.0	249.0	12.3	13.585782262798338	13.342242316002448	86.41421773720165	12.33061484469645	100.0	0.0	0.4146423709550513	0.0
REF0009-mgg-pbdrep | M301168.lib1	23108518.0	0.0	23108518.0	1.0	11554259.0	11554259.0	21314565.0	21131476.0	1793953.0	18506626.0	23108518.0	0.0	331414.0	0.0	0.0	0.0	3427668503.0	1713844100.0	1713824403.0	3161800898.0	3161800898.0	0.0	0.0	20388977.0	0.006448532	148.0	148.0	148.0	150.0	150.0	150.0	39.0	267.2	106.3	9717400.0	412250.0	8567.0	427521.0	80.1	92.2368323230421	91.44453140612478	7.763167676957908	80.08573288862576	100.0	0.0	1.4341638005518138	0.0
REF0009-mgg-pbdrep | M301169.lib1	17031510.0	0.0	17031510.0	1.0	8515755.0	8515755.0	15794437.0	15658790.0	1237073.0	13686642.0	17031510.0	0.0	243340.0	0.0	0.0	0.0	2530295783.0	1265158674.0	1265137109.0	2346811920.0	2346811920.0	0.0	0.0	15256213.0	0.006500825	149.0	149.0	149.0	150.0	150.0	150.0	39.0	272.7	105.5	7233185.0	265154.0	5891.0	325165.0	80.4	92.7365629941209	91.9401157031878	7.263437005879103	80.36070788790894	100.0	0.0	1.4287635095185336	0.0
REF0009-mgg-pbdrep | M301170.lib1	285314.0	0.0	285314.0	1.0	142657.0	142657.0	191655.0	188692.0	93659.0	177614.0	285314.0	0.0	3722.0	0.0	0.0	0.0	41438534.0	20718993.0	20719541.0	28124615.0	28124615.0	0.0	0.0	211878.0	0.007533543	145.0	145.0	145.0	150.0	150.0	150.0	39.1	235.9	94.0	85837.0	6683.0	160.0	1666.0	62.3	67.17335987718795	66.13485493175939	32.82664012281206	62.252115213413994	100.0	0.0	1.3045276432281627	0.0
REF0009-mgg-pbdrep | M301171.lib1	6223938.0	0.0	6223938.0	1.0	3111969.0	3111969.0	5827601.0	5818358.0	396337.0	5814710.0	6223938.0	0.0	102244.0	0.0	0.0	0.0	836096621.0	418021857.0	418074764.0	783325663.0	783325663.0	0.0	0.0	4167336.0	0.005320056	134.0	134.0	134.0	150.0	150.0	150.0	39.3	142.9	29.1	2025275.0	883444.0	2.0	458.0	93.4	93.63205417534685	93.48354691193903	6.3679458246531375	93.42493450288227	100.0	0.0	1.642754153399343	0.0
REF0009-mgg-pbdrep | M301172.lib1	18369228.0	0.0	18369228.0	1.0	9184614.0	9184614.0	16973646.0	16848302.0	1395582.0	15736278.0	18369228.0	0.0	240191.0	0.0	0.0	0.0	2732030180.0	1366030462.0	1365999718.0	2524663311.0	2524663311.0	0.0	0.0	15047267.0	0.005960108	149.0	149.0	149.0	150.0	150.0	150.0	39.1	265.3	93.1	7966011.0	267130.0	3780.0	187230.0	85.7	92.40260940742854	91.72025084559895	7.597390592571446	85.66651793967607	100.0	0.0	1.3075726426826428	0.0
REF0009-mgg-pbdrep | M301173.lib1	19316406.0	0.0	19316406.0	1.0	9658203.0	9658203.0	17790783.0	17628266.0	1525623.0	15588506.0	19316406.0	0.0	281421.0	0.0	0.0	0.0	2865920055.0	1432967825.0	1432952230.0	2639865436.0	2639865436.0	0.0	0.0	17138448.0	0.006492168	148.0	148.0	148.0	150.0	150.0	150.0	39.0	260.7	103.1	8121949.0	349897.0	8197.0	334090.0	80.7	92.10193138413015	91.26058957344343	7.898068615869846	80.70086122646211	100.0	0.0	1.456901454649483	0.0
REF0009-mgg-pbdrep | M301174.lib1	402418.0	0.0	402418.0	1.0	201209.0	201209.0	30888.0	30550.0	371530.0	28508.0	402418.0	0.0	693.0	0.0	0.0	0.0	58741897.0	29369883.0	29372014.0	4543131.0	4543131.0	0.0	0.0	29036.0	0.006391187	146.0	146.0	146.0	150.0	150.0	150.0	38.9	243.1	97.0	14009.0	934.0	27.0	305.0	7.1	7.675600992003339	7.591608725255829	92.32439900799666	7.084176155142166	100.0	0.0	0.17220899661545955	0.0
REF0009-mgg-pbdrep | M301175.lib1	1264246.0	0.0	1264246.0	1.0	632123.0	632123.0	1006056.0	985764.0	258190.0	864350.0	1264246.0	0.0	25301.0	0.0	0.0	0.0	185931227.0	92966603.0	92964624.0	148474155.0	148474155.0	0.0	0.0	1204352.0	0.008111526	147.0	147.0	147.0	150.0	150.0	150.0	38.9	253.2	103.7	444107.0	25800.0	2094.0	20881.0	68.4	79.57755057164508	77.97248320342717	20.422449428354923	68.36881429721747	100.0	0.0	2.0012719043603857	0.0
REF0009-mgg-pbdrep | M301176.lib1	9700.0	0.0	9700.0	1.0	4850.0	4850.0	848.0	830.0	8852.0	732.0	9700.0	0.0	24.0	0.0	0.0	0.0	1335416.0	666593.0	668823.0	125496.0	125496.0	0.0	0.0	1034.0	0.008239307	138.0	137.0	138.0	150.0	150.0	150.0	38.9	271.7	106.8	388.0	13.0	0.0	14.0	7.5	8.742268041237114	8.556701030927835	91.25773195876289	7.546391752577319	100.0	0.0	0.24742268041237112	0.0
REF0009-mgg-pbdrep | M301177.lib1	20514590.0	0.0	20514590.0	1.0	10257295.0	10257295.0	18939356.0	18789706.0	1575234.0	16913652.0	20514590.0	0.0	291696.0	0.0	0.0	0.0	3047056034.0	1523531798.0	1523524236.0	2813298147.0	2813298147.0	0.0	0.0	17881287.0	0.006355987	149.0	149.0	149.0	150.0	150.0	150.0	39.0	267.3	98.9	8756452.0	321508.0	5839.0	311054.0	82.4	92.32139662552359	91.5919158023631	7.678603374476409	82.44694142071569	100.0	0.0	1.4218953437529096	0.0
REF0009-mgg-pbdrep | M301178.lib1	15897926.0	0.0	15897926.0	1.0	7948963.0	7948963.0	14541396.0	14413040.0	1356530.0	13107678.0	15897926.0	0.0	235831.0	0.0	0.0	0.0	2359461013.0	1179739455.0	1179721558.0	2158722075.0	2158722075.0	0.0	0.0	14004200.0	0.006487264	148.0	148.0	148.0	150.0	150.0	150.0	39.0	272.7	99.2	6724611.0	256863.0	5120.0	219926.0	82.4	91.46725176604798	90.65987601149986	8.532748233952026	82.44898108092842	100.0	0.0	1.4834073325036234	0.0
REF0009-mgg-pbdrep | M301179.lib1	21932894.0	0.0	21932894.0	1.0	10966447.0	10966447.0	20264910.0	20116186.0	1667984.0	18833748.0	21932894.0	0.0	290621.0	0.0	0.0	0.0	3267631506.0	1633823774.0	1633807732.0	3019285389.0	3019285389.0	0.0	0.0	18567651.0	0.006149684	149.0	149.0	149.0	150.0	150.0	150.0	39.0	279.3	92.7	9578246.0	256353.0	4319.0	219175.0	85.9	92.39505739643843	91.71697086576901	7.604942603561573	85.86987198315006	100.0	0.0	1.32504629803983	0.0
REF0009-mgg-pbdrep | M301180.lib1	144166.0	0.0	144166.0	1.0	72083.0	72083.0	36510.0	35298.0	107656.0	30990.0	144166.0	0.0	1535.0	0.0	0.0	0.0	20398335.0	10198252.0	10200083.0	5368178.0	5368178.0	0.0	0.0	52678.0	0.009813013	141.0	141.0	142.0	150.0	150.0	150.0	39.0	247.5	109.0	15681.0	1178.0	108.0	682.0	21.5	25.324972601029366	24.48427507179224	74.67502739897063	21.496053160939475	100.0	0.0	1.0647448080684767	0.0
REF0009-mgg-pbdrep | M301181.lib1	26155168.0	0.0	26155168.0	1.0	13077584.0	13077584.0	23759932.0	23582256.0	2395236.0	21372798.0	26155168.0	0.0	346640.0	0.0	0.0	0.0	3889684008.0	1944854736.0	1944829272.0	3535012132.0	3535012132.0	0.0	0.0	21253279.0	0.006012223	149.0	149.0	149.0	150.0	150.0	150.0	39.1	274.8	99.4	11063172.0	351920.0	6492.0	369544.0	81.7	90.84220755148658	90.16289247310513	9.157792448513426	81.71539177266993	100.0	0.0	1.3253212519988402	0.0
REF0009-mgg-pbdrep | M301182.lib1	21109024.0	0.0	21109024.0	1.0	10554512.0	10554512.0	19549827.0	19396066.0	1559197.0	17686918.0	21109024.0	0.0	287199.0	0.0	0.0	0.0	3134854075.0	1567439280.0	1567414795.0	2903676484.0	2903676484.0	0.0	0.0	18374029.0	0.00632785	149.0	149.0	149.0	150.0	150.0	150.0	39.0	272.5	97.9	9083029.0	326820.0	5159.0	283025.0	83.8	92.61359975714652	91.88518616493117	7.386400242853483	83.78842148267964	100.0	0.0	1.3605508241404245	0.0
REF0009-mgg-pbdrep | M301183.lib1	227676.0	0.0	227676.0	1.0	113838.0	113838.0	134071.0	132528.0	93605.0	119538.0	227676.0	0.0	2338.0	0.0	0.0	0.0	32596091.0	16296539.0	16299552.0	19815217.0	19815217.0	0.0	0.0	124375.0	0.006276742	143.0	143.0	143.0	150.0	150.0	150.0	39.0	258.9	100.5	61087.0	2984.0	100.0	2093.0	52.5	58.88675134840739	58.20903389026512	41.11324865159261	52.50355768723976	100.0	0.0	1.0268978724151865	0.0
REF0009-mgg-pbdrep | M301184.lib1	26031746.0	0.0	26031746.0	1.0	13015873.0	13015873.0	24077280.0	23902268.0	1954466.0	22420648.0	26031746.0	0.0	348100.0	0.0	0.0	0.0	3876405802.0	1938217514.0	1938188288.0	3585634497.0	3585634497.0	0.0	0.0	22127099.0	0.006171042	149.0	149.0	149.0	150.0	150.0	150.0	39.0	272.2	90.5	11372816.0	319500.0	4838.0	253980.0	86.1	92.49199035669756	91.81968816075572	7.508009643302451	86.12809912942451	100.0	0.0	1.3372134162648943	0.0
REF0009-mgg-pbdrep | M301185.lib1	17224436.0	0.0	17224436.0	1.0	8612218.0	8612218.0	15857287.0	15712556.0	1367149.0	13582746.0	17224436.0	0.0	254430.0	0.0	0.0	0.0	2547903271.0	1273958692.0	1273944579.0	2346131769.0	2346131769.0	0.0	0.0	15344669.0	0.006540413	148.0	148.0	148.0	150.0	150.0	150.0	38.9	262.8	109.0	7145259.0	355118.0	6605.0	349296.0	78.9	92.06273575517945	91.22247021615105	7.937264244820557	78.85742093384074	100.0	0.0	1.477145608715432	0.0
